293
[0.71250435540951496]
0.71250435541
----------------------------------------

[0.96202176418462704, 0.67821033411632858]
0.82011604915
----------------------------------------

[0.79615810500942308, 0.79047501266144726]
0.793316558835
----------------------------------------

[0.99993639903691367]
0.999936399037
----------------------------------------

[2.1143101117732019e-13]
2.11431011177e-13
----------------------------------------

[0.9998049369163482, 0.56515674222722756, 0.957887967394907, 0.72142823798122124, 0.62675862093636514, 0.82851258465737154, 0.93713683041186757]
0.805240845789
----------------------------------------

[0.77899169502043042, 0.96422179654216555, 0.99567404629503586]
0.912962512619
----------------------------------------

[0.89228387280128685, 0.36429538211119022, 0.99995336399514223, 0.99221132069989715, 0.98348017894501749, 0.38388338000307515, 0.66145946262709576, 0.57368497741261371]
0.731406492324
----------------------------------------

[0.89566502326848207, 0.36171637903967274, 0.44517998152466809]
0.567520461278
----------------------------------------

[0.36057248955068993, 0.74168630054884654, 0.70350415247949227, 0.64539695651162787, 0.18977251291540045, 0.94306488458373028, 0.19951690533832894, 0.064575101092646664, 0.24116203397880931]
0.454361259667
----------------------------------------

[0.85483552865342127, 0.29831488333902162, 0.20004900767356915, 0.32819001549532667, 0.78599040603899684, 0.71388251101824651, 0.29445156531232219, 0.55126414802787038, 0.1308567030627725]
0.461981640958
----------------------------------------

[0.78517409508929115, 0.95042549581851132, 0.98094112986188098, 0.63183539719615778, 0.29777252774224056, 0.88656753806625888, 0.0079299114550871741, 0.10076685582915296, 0.89172157602330715, 0.7194683598848759, 0.92004244458825979, 0.098920026507224895, 0.81915427751326908, 0.64266527574268384, 0.61687103468854265]
0.6233503964
----------------------------------------

[0.031316363429453785, 0.41765116245440681, 0.54727012981664103, 0.80503334506867352, 0.23657793122672027, 0.85194526182315433, 0.24621582336583048]
0.448001431026
----------------------------------------

[0.2693321347587983, 0.063515241384538387, 0.14730354924057895, 0.56654234735067521, 0.048623983109496588, 0.58804497002636802, 0.87635529952413227]
0.365673932199
----------------------------------------

[0.50188543357600501, 0.96931212808726241, 0.46393452963204329, 0.027161228574122641, 0.68910286399342846, 0.80666474363509966, 0.81645079766599704, 0.71598352025791168, 0.16087084674088342]
0.57237401024
----------------------------------------

[0.43384430795019313, 0.73730855528121708, 0.47217265896361238, 0.50282737478146755, 0.59348001346942414, 0.74094988027874842, 0.64307037026303537, 0.85323760192305231, 0.24440788418766865, 0.11781940493291539, 0.89424366636815267, 0.0048872597433132405, 0.100543056394718, 0.53424683450752508, 0.85208178803317514, 0.53629475372561541, 0.7974141317109793, 0.21519459430412494, 0.99761810473268608, 0.71355514472689019, 0.77837509861377052, 0.75314651473369187, 0.92849098465070423, 0.45232769305517573, 0.01724338323343988, 0.59266440079085814, 0.077147716879074388]
0.540170117712
----------------------------------------

[0.8232464120573455, 0.56934395058323761, 0.36014303919095192, 0.73083699129075019, 0.3189259561015671, 0.52418233583280227, 0.19709676355835862, 0.05130363035974006, 0.43192448528510435, 0.29194751135545682, 0.45071872329412066, 0.040094077722885924, 0.60170576081577287, 0.9793354655076697]
0.455057507354
----------------------------------------

[0.8907017997541854, 0.86757735829628635, 0.9567541155345215]
0.905011091195
----------------------------------------

[0.64114724828583558, 0.79095566913978521, 0.36550405216167947, 0.54238463334675524, 0.0045835352874439191, 0.74973186053941521, 0.51796129249042311, 0.76968349806449154, 0.74795971738255962, 0.76865820376127902, 0.74079196319125551, 0.41413656304367302, 0.52261361923023797]
0.582777835071
----------------------------------------

[0.27647364991895323, 0.94331825372652967, 0.58288762243907133, 0.53424683450752508, 0.85208178803317514, 0.53629475372561541, 0.7974141317109793, 0.21519459430412494, 0.99761810473268608, 0.71355514472689019, 0.77837509861377052, 0.75314651473369187, 0.92849098465070423, 0.45232769305517573, 0.01724338323343988, 0.59266440079085814, 0.077147716879074388]
0.591087098222
----------------------------------------

[0.53424683450752508, 0.85208178803317514, 0.53629475372561541, 0.7974141317109793, 0.21519459430412494, 0.99761810473268608, 0.71355514472689019, 0.77837509861377052, 0.75314651473369187, 0.92849098465070423, 0.45232769305517573, 0.01724338323343988, 0.59266440079085814, 0.077147716879074388]
0.588985795978
----------------------------------------

[0.77307331356049125, 0.081402991080503306, 0.8781038655617881, 0.22247752489543846, 0.46055573557671881, 0.64127899955936407, 0.8068237831148255]
0.55195945905
----------------------------------------

[0.31566323804003005, 0.79281063417703268, 0.92076950901357624, 0.98323226066246572]
0.753118910473
----------------------------------------

[0.042428542313976303, 0.32823082231162104, 0.022595663242875555, 0.96909773259514531]
0.340588190116
----------------------------------------

[0.99999993552993627, 0.90303109936587334, 0.15955057530824132, 0.533536037885459]
0.649029412022
----------------------------------------

[0.25995700638648717, 0.96520125401553147, 0.5691163481978635, 0.72435690232207373]
0.62965787773
----------------------------------------

[0.97377772646742655, 0.27595215547645996, 0.096038130904327862]
0.448589337616
----------------------------------------

[0.97081786775290368, 0.38646279037173514, 0.97970994846934589, 0.90625728860174792, 0.81635251733415726, 0.7577123775898813, 0.45494207952550525, 0.74644377010326146, 0.49422187496098624]
0.723657834968
----------------------------------------

[0.76289090601935183, 0.92578699962921973]
0.844338952824
----------------------------------------

[0.40962268856443507, 0.61732975123646971, 0.74352703179229596, 0.62962990475745406, 0.40786805355950895, 0.32211709705930935, 0.18800010707461456, 0.39266380198089029]
0.463844804503
----------------------------------------

[0.34932292111382035, 0.56510921941766434, 0.076734764566866287, 0.87643691352523145, 0.90468187146132273, 0.51138736116922501, 0.1096886732830667, 0.73308588063462299, 0.82638736646415445]
0.550314996848
----------------------------------------

[0.087392434365032731, 0.27058396086757491]
0.178988197616
----------------------------------------

[0.99962825768943619, 0.64692850661377177]
0.823278382152
----------------------------------------

[0.92682427634934583, 0.13461276825247512, 0.94453335889637691, 0.62654753673315144, 0.060511104112306487, 0.58767062673005688]
0.546783278512
----------------------------------------

[0.93523074369845094, 0.0090736839700544195, 0.65548756929603491, 0.99378260009545338, 0.46943685088906728, 0.31233320929200364, 0.91772780585431979, 0.58223096866852742, 0.27474154602158046]
0.572227219754
----------------------------------------

[0.92716177628228102, 0.60865534480680861, 0.66831012166438963, 0.68093336723102182, 0.51113936353185951]
0.679239994703
----------------------------------------

[0.137284567656556, 0.98309855658778977]
0.560191562122
----------------------------------------

[0.28791655987892395, 0.55877763466110653]
0.42334709727
----------------------------------------

[0.46787956576858158, 0.78569771627002283, 0.99947028859935894]
0.751015856879
----------------------------------------

[0.32483204631457829, 0.14635093861969403, 0.15473728295123979, 0.40577046605774536]
0.257922683486
----------------------------------------

[0.048424533422609682, 0.99454810348720291]
0.521486318455
----------------------------------------

[0.0065916073463580501, 0.91682921998010292]
0.461710413663
----------------------------------------

[0.31044464292104806, 0.99729547050613765]
0.653870056714
----------------------------------------

[0.95864888455906461, 0.72086320596754505]
0.839756045263
----------------------------------------

[0.41005387740776256, 0.9594214517707893]
0.684737664589
----------------------------------------

[0.11838422712511447, 0.99896099187469189]
0.5586726095
----------------------------------------

[0.78918178247112913, 0.9998598846073089]
0.894520833539
----------------------------------------

[0.55411247617770643, 0.99901939292957143]
0.776565934554
----------------------------------------

[0.66453714446276346, 0.5126830725846736, 0.70020692742640211, 0.99891821294156857]
0.719086339354
----------------------------------------

[0.93711621390710165, 0.85548963989520277, 0.45748698206663996, 0.6580544791208579, 0.75158375324123838, 0.9878260995585928]
0.774592861298
----------------------------------------

[0.64737576358494309, 0.84428935419583895, 0.22857745254460582, 0.69553660401616302]
0.603944793585
----------------------------------------

[0.56556248609233617, 0.72394896400452224, 0.83667890133586442]
0.708730117144
----------------------------------------

[0.56556248609233617, 0.45007061623576639, 0.46195483124462688, 0.77335558936060333, 0.91862013239660834, 0.78066506209462083, 0.55925698426620629, 0.13895701649727141]
0.581055339774
----------------------------------------

[0.72394896400452224, 0.3119641934683845, 0.51558430596468896, 0.99075506146151915, 0.910903272720191, 0.20081557060282149, 0.25243146248773024, 0.23405340990744281]
0.517557030077
----------------------------------------

[0.69260351333811465, 0.54774959512014498]
0.620176554229
----------------------------------------

[0.67849789846664943, 0.78022320789933719, 0.92762650413644299, 0.75120395775253024, 0.20927778694192159, 0.60828487943358334]
0.659185705772
----------------------------------------

[0.59404343905094548, 0.90051066551109127, 0.47144480508456232, 0.70663146643235009, 0.014463333760787667]
0.537418741968
----------------------------------------

293
