('Train dataset : ', (87865, 293), (87865,))
('Test dataset : ', (36610, 293), (36610,))
('Validation Dataset : ', (21968, 293), (21968,))
293
[0.033700640711993891]
district
0.033700640712
----------------------------------------

[0.006638621368159469, 0.0049096718819285406]
rural
0.00577414662504
----------------------------------------

[0.0075254113517155448, 0.0077083778386396037]
sex
0.00761689459518
----------------------------------------

[0.001065397184479965]
usual_residance
0.00106539718448
----------------------------------------

[0.048955180267704658]
age
0.0489551802677
----------------------------------------

[0.0031071705642985014, 0.0018679511115467463, 0.0014029948549483442, 0.00048503587540534623, 0.00014969864801858205, 0.00019354263178196078, 3.9504047167115896e-05]
religion
0.0010351282476
----------------------------------------

[0.0051648251091422001, 0.0063533506598377641, 0.0077623165837781057]
social_group_code
0.00642683078425
----------------------------------------

[0.010769023952318692, 5.7814484720482521e-05, 0.0076970518013530108, 0.0016974804805179903, 0.0050968454052220747, 0.00039072877954845852, 0.00083399321707687644, 1.958500876087065e-05]
marital_status
0.00332031539119
----------------------------------------

[0.0024264424900732207, 0.00027370440762194341, 5.3943243583751932e-05]
currently_attending_school
0.000918030047093
----------------------------------------

[5.8757747985415649e-06, 2.2616621385182033e-05, 0.00014556949881188959, 2.612576709862918e-05, 0.00012448842346244319, 5.073324213050496e-05, 3.3643061668612501e-05, 1.1319030015653003e-05, 5.1681851922245024e-05]
reason_for_not_attending_school
5.24503634771e-05
----------------------------------------

[0.0041169003258133743, 0.0053713567705383795, 0.0061250239629421725, 0.0052984721176675617, 0.0040577166290190463, 0.003167672056890173, 0.0024308677046358486, 0.0014039046431992674, 0.00031657377698595117]
highest_qualification
0.00358760977641
----------------------------------------

[0.0044084751385139046, 0.0050922501468713402, 0.0058242542176425516, 0.0028284045160509152, 0.00042374692238950995, 0.0010903183519208768, 0.0030259797294391894, 0.00034805899314773879, 0.0042876499253390295, 0.0065997916236217877, 5.390738680839268e-05, 0.003989534865281124, 0.00090158806048572097, 0.0047452343550090127, 0.0012140759105658892]
occupation_status
0.00298888467621
----------------------------------------

[0.00030844927027447823, 0.00083082436044359888, 0.00048366581422265917, 0.00016388601039161001, 0.001216964112408517, 0.00053830454023958535, 0.00013894130957101006]
disability_status
0.000525862202507
----------------------------------------

[0.00037559451048249578, 0.00048349347344589137, 0.00033417668055554073, 0.00029925721221984872, 0.00085563344299566637, 0.00011758899154782276, 0.00029796198929703542]
injury_treatment_type
0.000394815185792
----------------------------------------

[0.0025585806585341699, 0.00028688737240395489, 0.0033884717203157807, 0.00034031853447220764, 0.0015497691827578229, 0.00043331433118077531, 0.0027256716972636134, 9.9646251086849108e-05, 0.0011716794756854766]
illness_type
0.00139492658041
----------------------------------------

[0.00061425126815327846, 0.00071536146221525671, 0.0015288354126104084, 0.00024996204220659705, 0.00014149785968503925, 0.0014356826641034742, 9.1316749146933267e-05, 0.0033527733077056087, 0.00087840001311041888, 6.466443211702443e-05, 6.9775666263235042e-05, 0.0012811385161445852, 0.0011193364152163744, 0.0013303183876208788, 0.0025843495494638664, 0.0032324868469878728, 0.00047504082694392087, 0.00059408198501678081, 0.005134641416598841, 0.00083650905433547518, 0.010464574232537525, 0.0065563009389647368, 0.00090882394018984667, 0.00082578487030314941, 0.00011101256549325967, 0.0020526209484685483, 0.0021666294655613297]
treatment_source
0.0018080063273
----------------------------------------

[0.013760605581421123, 0.011730048235146532, 0.0025148802207805064, 0.035859667139891013, 0.0032140973637149752, 0.004341279169149094, 0.0010919629727360511, 0.00012939410990299929, 0.00050611625074238663, 0.010457842459840092, 0.0094597206419494966, 0.00018536306665112168, 0.0043064552044161063, 0.010924743649413761]
symptoms_pertaining_illness
0.00774872686184
----------------------------------------

[0.011428020144939066, 0.013548870430809072, 0.0038870077368445203]
sought_medical_care
0.00962129943753
----------------------------------------

[0.0020354116695289587, 0.0031728457077274284, 0.0059057336684878803, 0.00059213930947167777, 0.00068109928461769834, 0.0064411690169701033, 0.00049362218468708831, 0.018098064236138633, 0.010274010390796182, 0.001372926893806122, 0.0010774060835607002, 0.0035464636472607664, 0.0033704377384451418]
diagnosis_source
0.00438933306396
----------------------------------------

[0.021312779134399776, 0.030763707474570103, 0.050456543140656028, 0.0013303183876208788, 0.0025843495494638664, 0.0032324868469878728, 0.00047504082694392087, 0.00059408198501678081, 0.005134641416598841, 0.00083650905433547518, 0.010464574232537525, 0.0065563009389647368, 0.00090882394018984667, 0.00082578487030314941, 0.00011101256549325967, 0.0020526209484685483, 0.0021666294655613297]
regular_treatment
0.00822389439871
----------------------------------------

[0.0013303183876208788, 0.0025843495494638664, 0.0032324868469878728, 0.00047504082694392087, 0.00059408198501678081, 0.005134641416598841, 0.00083650905433547518, 0.010464574232537525, 0.0065563009389647368, 0.00090882394018984667, 0.00082578487030314941, 0.00011101256549325967, 0.0020526209484685483, 0.0021666294655613297]
regular_treatment_source
0.00266236964489
----------------------------------------

[0.00059730130436570262, 0.00053397609750730499, 0.0025854865964923578, 0.00051302515984793325, 0.0068235552885493453, 0.0010231432412306082, 0.008545499859892754]
chew
0.00294599822113
----------------------------------------

[0.0019549203966259514, 0.0019125478154210754, 0.00088355688216117307, 0.0063074780003437745]
smoke
0.00276462577364
----------------------------------------

[0.00099742238183521143, 0.0041256441879099007, 0.0013776148419352061, 0.0079276108411852012]
alcohol
0.00360707306322
----------------------------------------

[0.00061710874234900432, 4.5144760998039473e-05, 0.00010662714577309464, 0.0001056311134631844]
house_status
0.000218627940646
----------------------------------------

[0.0060721570064819035, 0.0059016650176483528, 0.0067992779520404866, 7.8866298514061533e-05]
house_structure
0.00471299156867
----------------------------------------

[0.0036262715724328615, 0.0028097744050069396, 0.0013865861349571628]
owner_status
0.00260754403747
----------------------------------------

[0.0027265768874046013, 0.0063574616840264431, 0.0073386269456878171, 0.005452209080827981, 0.0004706886223489041, 0.0036862642432503451, 8.4356407800973982e-05, 0.0004440379831551281, 0.00036622671094099091]
drinking_water_source
0.00299182761838
----------------------------------------

[0.0067031841328276118, 0.0065398869120836325]
is_water_filter
0.00662153552246
----------------------------------------

[0.0015111795197070544, 0.0011030715290848657, 0.00049285495114255787, 0.0064461161873330232, 0.0015717855409595458, 0.000855705874357533, 0.00046586477099910497, 0.00046430080829481526]
water_filteration
0.00161385989773
----------------------------------------

[0.001024804390519557, 0.0053337959020269164, 0.0029544917423132864, 0.00037076647786801374, 0.001416605835506364, 0.0016452152005336335, 0.00071543139843732761, 8.5191702516963457e-05, 0.00060897070181501476]
toilet_used
0.00157280815017
----------------------------------------

[0.0031742846490351744, 0.0067672862087464793]
is_toilet_shared
0.00497078542889
----------------------------------------

[0.0028262551059941104, 0.0028465955110616422]
household_have_electricity
0.00283642530853
----------------------------------------

[0.0074130467236700704, 0.0053248478675091823, 0.003122884431868137, 0.00046255990797685947, 0.00082869807294887968, 0.00017337799346180078]
lighting_source
0.00288756916624
----------------------------------------

[0.0062330114890003542, 0.00060524572482827143, 0.002228063614443854, 0.0012260690396000266, 0.00030583413075853264, 0.0052378167856693284, 0.00013641913248284531, 0.00020154933205595519, 0.00047470621475712059]
cooking_fuel
0.00184985727373
----------------------------------------

[0.0076493551115528165, 0.0072392092327600212, 0.0013177506830638927, 0.0010070559235097558, 0.00016158974467936411]
kitchen_availability
0.00347499213911
----------------------------------------

[0.0041300460854703592, 0.0042540448849615678]
is_radio
0.00419204548522
----------------------------------------

[0.0058023371963714532, 0.0059788478458900765]
is_television
0.00589059252113
----------------------------------------

[0.0010969019922341858, 0.0024133177535800403, 0.002899231710284232]
is_computer
0.0021364838187
----------------------------------------

[0.0011209305169814809, 0.006489356310623081, 0.0016820829827761449, 0.0074599218442850503]
is_telephone
0.00418807291367
----------------------------------------

[0.0023702570122815926, 0.0018533131283772599]
is_washing_machine
0.00211178507033
----------------------------------------

[0.0044576591368464449, 0.0032137943697126844]
is_refrigerator
0.00383572675328
----------------------------------------

[0.0045648138641902931, 0.0045382199145360194]
is_sewing_machine
0.00455151688936
----------------------------------------

[0.0073413383510945261, 0.0073211123320051866]
is_bicycle
0.00733122534155
----------------------------------------

[0.0047918398786698426, 0.0043581676460721537]
is_scooter
0.00457500376237
----------------------------------------

[0.0018882978604431028, 0.0021032338646322364]
is_car
0.00199576586254
----------------------------------------

[0.0010336705043623824, 0.0014681410615587213]
is_tractor
0.00125090578296
----------------------------------------

[0.0025686354642819797, 0.002900027096602845]
is_water_pump
0.00273433128044
----------------------------------------

[0.0029792882316695309, 0.0012609524442151348, 0.00025616483450511114, 0.0037157483568477957]
cart
0.00205303846681
----------------------------------------

[0.0060038202583969427, 0.0063636567680435937, 0.0044486775073694267, 0.001456012184959819, 0.00082482508367543426, 0.0074881400429751832]
land_possessed
0.00443085530757
----------------------------------------

[0.0045437524979741496, 0.0005457531133370528, 0.00044450674271288718, 0.00017956571390498292]
residancial_status
0.00142839451698
----------------------------------------

[0.0057487556101005277, 0.0066468735861774661, 0.00093094167041464634]
iscoveredbyhealthscheme
0.0044421902889
----------------------------------------

[0.0057487556101005277, 0.0011842439931837368, 0.004172503609079746, 0.00053628008034056047, 0.00054291270397613129, 0.00029279518420450179, 0.00013571586396667537, 0.0024409779063382609]
healthscheme_1
0.0018817731189
----------------------------------------

[0.0066468735861774661, 8.4304999651126265e-05, 0.00010514375976994149, 6.0014162976239314e-05, 1.5425513037791031e-05, 5.6084758390628355e-07, 1.2737835371402073e-05, 6.0620370468833712e-06]
healthscheme_2
0.000866390342702
----------------------------------------

[0.0047555513007864272, 0.0]
housestatus
0.00237777565039
----------------------------------------

[0.0050264172944872428, 0.00015158938708114582, 0.00013821671025036301, 0.00049983707223937208, 0.00044772101062549857, 1.6651467196030374e-05]
householdstatus
0.00104673882365
----------------------------------------

[0.0014595569567561807, 0.0018155564202104962, 0.0018851026867837645, 0.0018940982343886746, 0.0018301687842411643]
as_binned
0.00177689661648
----------------------------------------

293
