('Train dataset : ', (87865, 293), (87865,))
('Test dataset : ', (36610, 293), (36610,))
('Validation Dataset : ', (21968, 293), (21968,))
8
j th  class



[-0.077165592282301007]
district
-0.0771655922823
----------------------------------------

[-7.3283422951141147e-05, 0.0043501087045218654]
rural
0.00213841264079
----------------------------------------

[-0.0078576356359730468, 0.0070821276946076914]
sex
-0.000387753970683
----------------------------------------

[-0.010589654606274887]
usual_residance
-0.0105896546063
----------------------------------------

[0.0020994576809015256]
age
0.0020994576809
----------------------------------------

[0.07605471030699372, -0.021238144551494614, -0.031745402275219631, -0.020301593723211622, -0.029634810401325557, 0.04685746425866115, 0.002409838449721982]
religion
0.00320029458059
----------------------------------------

[0.050145121264913738, -0.0019664342455985961, -0.00031266415303219151]
social_group_code
0.0159553409554
----------------------------------------

[-0.00122842854004549, 0.10156415471874178, -0.12908594119059275, 0.12045424054579094, 0.16147716598277612, 0.12609052574049759, 0.056771819563665851, 0.26301752480771823]
marital_status
0.0873826327036
----------------------------------------

[-0.70379701709277009, -0.085469361717161726, 0.074610113341605222]
currently_attending_school
-0.238218755156
----------------------------------------

[0.069721651361294101, -0.59642307641172376, -0.404181425776731, 0.14466746142133763, 0.033175066784296318, 0.26606347669952318, -0.037937764902270354, 0.27457997839651571, 0.33095652323323493]
reason_for_not_attending_school
0.00895798786728
----------------------------------------

[0.13343152525870489, -0.041977325695705711, -0.031737688565933238, -0.011873751647687518, -0.038948311944877828, -0.02280346070999794, -0.016246763966096853, -0.1242243474707308, 0.071898317018407334]
highest_qualification
-0.00916464530266
----------------------------------------

[0.25537922684006104, 0.042139907988350843, 0.006744792094596214, 0.067090042014708376, 0.03080657915892409, -0.11462779849425903, -0.00034815605640389698, -0.005995079575082018, -0.18046230677696642, 0.093329598350325504, 0.060866598861423732, 0.16291853009353843, 0.079041136300588441, 0.020976551641457238, 0.01052488939800267]
occupation_status
0.0352256341226
----------------------------------------

[0.076315587600081447, 0.097048480028449069, -0.19895336156978466, 0.080779953323948675, -0.077993237218584421, -0.01660678299012271, -0.018362866316854857]
disability_status
-0.00825317530612
----------------------------------------

[-0.13607286316123277, 0.058898191839172574, 0.020836692660190278, 0.0062306703701626729, -0.025981560299846967, 0.020732467127514434, 0.21993968516116769]
injury_treatment_type
0.023511897671
----------------------------------------

[0.048452361179756834, 0.17211825925791976, 0.076106250246848514, -0.0095918639104111292, -0.35137156192862179, 0.068525952619581831, 0.1798241647516638, 0.047131409496638861, 0.31767036422786066]
illness_type
0.0609850373268
----------------------------------------

[0.063953869253055948, -0.086496424529441174, 0.091402213385740894, -0.077214537491339302, -0.0052541974098196595, 0.17162539480412339, -0.089876923025145106, -0.0035077740010350904, -0.023849247047445045, -0.23832393225656251, -0.096261874076269266, -0.22934418596644582, 0.012691018715783431, -0.018329082654874786, -0.023098753512709305, -0.13348699947093026, -0.0092705393010434987, 0.036950958105120571, -0.13434773426031182, -0.12972624752522058, -0.29249512832317121, -0.12191303704304363, -0.14245435949546048, -0.14056195595903223, -0.1099737079570333, -0.42715131551858948, -0.21988338155027642]
treatment_source
-0.0880073290412
----------------------------------------

[0.096770063878559215, 0.01535033466747329, 0.031330534190735733, -0.013971832438484665, 0.062167734131901034, 0.13365113144286936, 0.092344344262272657, -0.08804803064825141, -0.30959889602383156, 0.15461384419602234, 0.039968616242123521, -0.0058684626457517937, -0.17665575919758092, 0.087728206929873626]
symptoms_pertaining_illness
0.00855584492771
----------------------------------------

[-0.026519292034541918, -0.084603327558229885, -0.093058524735918108]
sought_medical_care
-0.0680603814429
----------------------------------------

[-0.075378314400312327, -0.13118894732172423, 0.054840694388315722, -0.085975226279640438, -0.1529280164967691, 0.35347447686920846, 0.023855230824610371, 0.065725287156257764, 0.015061766620793633, 0.036408609298617382, -0.040804827140551662, -0.074062607141706774, 0.082693024743471608]
diagnosis_source
0.00551701162466
----------------------------------------

[-0.0060896142560412907, 0.1094267675927741, 0.11454822609050426, -0.018329082654874786, -0.023098753512709305, -0.13348699947093026, -0.0092705393010434987, 0.036950958105120571, -0.13434773426031182, -0.12972624752522058, -0.29249512832317121, -0.12191303704304363, -0.14245435949546048, -0.14056195595903223, -0.1099737079570333, -0.42715131551858948, -0.21988338155027642]
regular_treatment
-0.0969327002964
----------------------------------------

[-0.018329082654874786, -0.023098753512709305, -0.13348699947093026, -0.0092705393010434987, 0.036950958105120571, -0.13434773426031182, -0.12972624752522058, -0.29249512832317121, -0.12191303704304363, -0.14245435949546048, -0.14056195595903223, -0.1099737079570333, -0.42715131551858948, -0.21988338155027642]
regular_treatment_source
-0.133267234605
----------------------------------------

[-0.10056315413497616, -0.026694489496889035, -0.043778194703358905, 0.033674095123500461, 0.1567235820827107, -0.021039120886007234, -0.11734045584104906]
chew
-0.0170025339794
----------------------------------------

[-0.0089132409695664248, -0.012779741308517265, 0.03453907191792998, -0.064300327380067079]
smoke
-0.0128635594351
----------------------------------------

[0.015173172053245384, -0.02923080186904297, -0.05543334700280661, 0.0907002178079898]
alcohol
0.00530231024735
----------------------------------------

[-0.033403893636084543, -0.044359115628597262, 0.085027949213216519, 0.34574329476560467]
house_status
0.0882520586785
----------------------------------------

[0.11512781649102348, 0.11726752635569897, 0.10911291657283706, 0.05957953348004822]
house_structure
0.100271948225
----------------------------------------

[-0.27016766416936139, 0.017198373247322919, -0.034985942513630283]
owner_status
-0.0959850778119
----------------------------------------

[0.033579881448258485, -0.072078647755646236, -0.059940629850808357, -0.0056037023341974669, -0.035756136294667201, 0.12880905096732348, 0.032342948104643193, -0.029308392946723553, 0.054316882111571659]
drinking_water_source
0.00515125038331
----------------------------------------

[0.0030109402654472325, 0.0070056422289538631]
is_water_filter
0.0050082912472
----------------------------------------

[0.0087866700166113632, -0.016696166472966151, -0.057083452280411638, -0.0084157905033294712, -0.026016990473417174, -0.036628936865756696, 0.02897778740045184, 0.096194796014701767]
water_filteration
-0.00136026039551
----------------------------------------

[0.026674395418341521, 0.063739733877894458, -0.0015104347562687804, 0.020868914945619252, -0.22484732548303066, 0.0084714508252854391, -0.11363149242284308, 0.038454383234595602, 0.2468899035342482]
toilet_used
0.00723439213043
----------------------------------------

[0.0023655115985612377, 0.027292916651864167]
is_toilet_shared
0.0148292141252
----------------------------------------

[0.011142217100103888, -0.015263668184658319]
household_have_electricity
-0.00206072554228
----------------------------------------

[0.031055980356397391, -0.039224999841955405, -0.06170741740924425, 0.050746135528111566, 0.095659321305191156, 0.054907269085100269]
lighting_source
0.0219060481706
----------------------------------------

[-0.084587996447218164, 0.00086237416593466874, -0.066201682848932741, -0.001875994680360802, 0.0037233692767870965, -0.1475010677928274, 0.020142168404326113, 0.060277886055797578, -0.13288374038664161]
cooking_fuel
-0.0386716315837
----------------------------------------

[0.078920020969029669, -0.035514029372319969, -0.011421146610055555, -0.10782097250820209, 0.026177646653911861]
kitchen_availability
-0.00993169617353
----------------------------------------

[0.144370814120102, 0.02635570235140406]
is_radio
0.0853632582358
----------------------------------------

[-0.010563390191942804, 0.0072852603786285591]
is_television
-0.00163906490666
----------------------------------------

[0.0085070518995652364, -0.053083229426405421, 0.056029952513711817]
is_computer
0.00381792499562
----------------------------------------

[0.012845589073461334, 0.044777516852152907, -0.013836797558547326, -0.00067493127593324406]
is_telephone
0.0107778442728
----------------------------------------

[-0.014473475745300349, 0.00073586193549196361]
is_washing_machine
-0.0068688069049
----------------------------------------

[0.015056450244592769, 0.057212042148089878]
is_refrigerator
0.0361342461963
----------------------------------------

[-0.041419729916443736, -0.016395781191452942]
is_sewing_machine
-0.0289077555539
----------------------------------------

[0.032188093403031984, 0.010634581830714645]
is_bicycle
0.0214113376169
----------------------------------------

[0.0051577304116805223, -0.0070742550165508056]
is_scooter
-0.000958262302435
----------------------------------------

[0.022866567253058079, 0.042221365027182073]
is_car
0.0325439661401
----------------------------------------

[-0.026429052859384333, 0.0084598614168047946]
is_tractor
-0.00898459572129
----------------------------------------

[0.0073324507545091157, 0.0067844910505625647]
is_water_pump
0.00705847090254
----------------------------------------

[0.0090078211331462883, -0.0018266808401640191, -0.024973369767292676, 0.034950441530170788]
cart
0.00428955301397
----------------------------------------

[0.0076419212559626845, -0.0049891276051752722, 0.013868132790759989, 0.0161568779971018, 0.00096108624376804817, -0.026182289349579353]
land_possessed
0.00124276688881
----------------------------------------

[0.01597763217454402, -0.11584615630402396, -0.055659945611135707, -0.011135544738881176]
residancial_status
-0.0416660036199
----------------------------------------

[0.075251525907076275, -0.085937232637868496, -0.048765034370887264]
iscoveredbyhealthscheme
-0.0198169137006
----------------------------------------

[0.075251525907076275, 0.027312146238148434, -0.028447870821292052, 0.026663005659262065, 0.055242821251523161, -0.037420825399988998, -0.057985332421771174, -0.083512632160895522]
healthscheme_1
-0.00286214521849
----------------------------------------

[-0.085937232637868496, 0.039523601252811014, -0.21520750829432408, 0.35601439895932974, 0.11001113448228639, -0.14233531332423616, -0.32545360392782952, -0.03146122134913279]
healthscheme_2
-0.0368557181049
----------------------------------------

[-0.45396420191729392, 0.1500683095949237]
housestatus
-0.151947946161
----------------------------------------

[-0.16059492461600247, -0.068927669954430323, -0.039522257774324332, -0.18848581790601426, -0.13394043182266024, 0.023979330225369463]
householdstatus
-0.0945819619747
----------------------------------------

[0.55696515682836456, -0.11709751628871309, -0.056256518582231699, -0.11597765819902428, -0.036901674753818288]
as_binned
0.0461463578009
----------------------------------------

j th  class



[-0.073001646950661955]
district
-0.0730016469507
----------------------------------------

[0.00068014058552844786, 0.029491796702923762]
rural
0.0150859686442
----------------------------------------

[-0.032810053402952975, 0.00040808445752549163]
sex
-0.0162009844727
----------------------------------------

[-0.0037263411597866745]
usual_residance
-0.00372634115979
----------------------------------------

[7.6611691815547885e-05]
age
7.66116918155e-05
----------------------------------------

[0.099254772865520646, -0.085935105063360218, -0.0552932568202293, -0.081951475668497531, -0.022877007578459733, -0.16448902634726811, 0.12402925817465842]
religion
-0.0267516914911
----------------------------------------

[0.28319835662387138, 0.0032520322078411477, 0.0038689823104428823]
social_group_code
0.0967731237141
----------------------------------------

[-0.010439271208830267, 0.12365223790411292, -0.65991395474954229, 0.14742382533389287, 0.12051802973655544, 0.16952419804173569, 0.4895487291873501, 0.10927524913515395]
marital_status
0.0611986304226
----------------------------------------

[-0.50334657129068328, 0.02619819556179874, -0.13000469993248923]
currently_attending_school
-0.202384358554
----------------------------------------

[0.18298897141430587, -0.66878166581433351, 0.27815272843006861, 0.10373670630424117, 0.010590213360096839, -0.065691457524337943, -0.1848686701149487, 0.088461874688050168, 0.099009731972936443]
reason_for_not_attending_school
-0.0173779519204
----------------------------------------

[0.39237481018002573, 0.012188424264924624, -0.01857666122597364, 0.042198555294303129, 0.010197671568530848, 0.0013866725161989508, 0.0052014435993708065, 0.065829862859518432, 0.03085891195533573]
highest_qualification
0.0601844101125
----------------------------------------

[-0.040953098747660691, -0.084150256806612492, -0.051251204130821029, -0.091121398710714993, -0.10503748834915416, -0.16538318795342452, -0.066661053190117073, -0.023792443375048763, 0.070198003906945861, -0.064123563694947067, -0.064963691708563323, -0.16123541093935162, -0.16047235568945417, -0.17351972543446567, -0.075847488101722232]
occupation_status
-0.083887624195
----------------------------------------

[-0.050029070909540431, 0.193032614252238, 0.10589264525885927, 0.029870546901748899, 0.39538715990311218, -0.05220620416814406, 0.049525200408006689]
disability_status
0.0959246988066
----------------------------------------

[0.39293772392012161, 0.084967523382775509, -0.042341722623275638, -0.23387972916580876, 0.17274924308081352, -0.088007313358422615, -0.13276209620041823]
injury_treatment_type
0.0219519470051
----------------------------------------

[-0.063116494433288123, 0.034139786576285594, 0.26128481242863116, 0.10085634727449973, 0.020951444770177571, -0.088664956714114063, 0.073222366646405745, 0.032419143224583065, 0.071215381372614281]
illness_type
0.0491453145718
----------------------------------------

[0.059360998725908887, -0.10593445086816339, -0.17272880757372061, -0.023237042829505433, 0.039008722909650961, 0.042312437028147382, -0.03764102544230509, -0.035696678031385112, -0.024230321340577812, 0.066315839041355032, 0.17269241519726911, 0.11445031825626255, -0.088118902557502321, 0.0045328695971750994, -0.12834069918387495, 0.084310047413506006, 0.16549991471171774, 0.043721963356072431, 0.32352176653889209, 0.12205544014309559, 0.088455922859913466, 0.15482177194157515, 0.12202075623806555, 0.084025971705400521, 0.0048306184551023907, -0.20998508504960445, -0.028186184221079071]
treatment_source
0.0310310584082
----------------------------------------

[-0.075198601090141731, 0.0072560626359728956, -0.0085061659295885411, 0.019584750781521599, -0.029598834390503679, 0.012689562756524058, -0.043617799183082333, 0.054132776680381835, -0.058452375955538212, -0.0066740051647823694, -0.012894241900783737, -0.033901946421801062, 0.14752870448878999, -0.015563520998557987]
symptoms_pertaining_illness
-0.00308683097797
----------------------------------------

[-0.03530122409565295, -0.010924439607737681, -0.010770970470460814]
sought_medical_care
-0.018998878058
----------------------------------------

[-0.058978631449482524, 0.071985092281959359, -0.048078665604719649, 0.042276249497488566, -0.15121871571288287, -0.63494319661678544, 0.040553938132708411, -0.029607948984973972, -0.0258093928204144, 0.030766473304518666, 0.15089551041288424, -0.0011475241080678347, 0.15594618979284]
diagnosis_source
-0.0351815862981
----------------------------------------

[-0.009565555486076547, -0.13309940129294015, -0.14974908068584991, 0.0045328695971750994, -0.12834069918387495, 0.084310047413506006, 0.16549991471171774, 0.043721963356072431, 0.32352176653889209, 0.12205544014309559, 0.088455922859913466, 0.15482177194157515, 0.12202075623806555, 0.084025971705400521, 0.0048306184551023907, -0.20998508504960445, -0.028186184221079071]
regular_treatment
0.0316982962965
----------------------------------------

[0.0045328695971750994, -0.12834069918387495, 0.084310047413506006, 0.16549991471171774, 0.043721963356072431, 0.32352176653889209, 0.12205544014309559, 0.088455922859913466, 0.15482177194157515, 0.12202075623806555, 0.084025971705400521, 0.0048306184551023907, -0.20998508504960445, -0.028186184221079071]
regular_treatment_source
0.0593775053219
----------------------------------------

[0.10455070829538876, -0.082793538208890849, -0.1995150149000734, -0.0051269717577071003, 0.12737979211034409, 0.013607227514550881, 0.0056241348632751513]
chew
-0.00518195172616
----------------------------------------

[0.059816659693623327, -0.07819093468952909, 0.021853687330589955, 0.049882458769103619]
smoke
0.0133404677759
----------------------------------------

[-0.074552922132359978, 0.085278098599545007, -0.038227875104321921, -0.09559069575873505]
alcohol
-0.030773348599
----------------------------------------

[-0.032467238428697968, -0.017037833631214135, 0.00765269666227914, -0.24330514886839669]
house_status
-0.0712893810665
----------------------------------------

[-0.13772526122233486, 0.044093931723963455, 0.022146399459843959, 0.027941564677212049]
house_structure
-0.0108858413403
----------------------------------------

[-0.12079975087453285, -0.022612778700754971, -0.012707721652038713]
owner_status
-0.0520400837424
----------------------------------------

[0.0087026453317084196, -0.0054849881092556545, 0.0097289114480809541, -0.0021590391725299519, -0.0057186205476865357, -0.059546722794452972, 0.010510632226305425, 0.20064164452700739, -0.0095622654536566699]
drinking_water_source
0.0163457997173
----------------------------------------

[-0.16502740715401953, -0.04057570985272245]
is_water_filter
-0.102801558503
----------------------------------------

[0.013957854833947394, 0.0259362356563104, 0.024480078444848188, -0.20596919609545319, 0.065870860355434366, 0.057677061469564701, 0.020223038238193509, -0.012522062705677307]
water_filteration
-0.00129326622535
----------------------------------------

[-0.016271725213212219, 0.12161158185027955, -0.026194683981717589, -0.10376663985428186, -0.06980979485795194, 0.039469284892580662, 0.03168937881030396, -0.17859376785371825, 0.20941295672437102]
toilet_used
0.000838510057406
----------------------------------------

[0.045331839422421916, -0.010897838647013734]
is_toilet_shared
0.0172170003877
----------------------------------------

[0.034716154369307202, 0.0028612432559199366]
household_have_electricity
0.0187886988126
----------------------------------------

[-0.029479098268731917, -0.032502245921761222, -0.045381626905447739, -0.032890295558287833, 0.12286524170924713, -0.050896323431971105]
lighting_source
-0.0113807247295
----------------------------------------

[0.01218739508780387, -0.050157852007004337, 0.08470397877870979, -0.065958866944736946, -0.013117625207007769, 0.057065050582723632, -0.01358574494306267, -0.083544972553631247, 0.00081624081085883773]
cooking_fuel
-0.00795471071059
----------------------------------------

[0.064125904618246007, 0.028107818598793757, 0.029256539598175008, 0.074530050888981902, 0.10528499795376019]
kitchen_availability
0.0602610623316
----------------------------------------

[-0.26379726204687676, -0.024611091976658679]
is_radio
-0.144204177012
----------------------------------------

[-0.0020067630464248002, -0.026649866390036681]
is_television
-0.0143283147182
----------------------------------------

[3.2011375454342152e-05, -0.018388654062754053, -0.0014709038979100124]
is_computer
-0.00660918219507
----------------------------------------

[-0.0067582970517249541, -0.10504607450130679, -0.023541056179784144, 0.09239143938745896]
is_telephone
-0.0107384970863
----------------------------------------

[0.0095778362877921436, -0.022972137607512232]
is_washing_machine
-0.00669715065986
----------------------------------------

[-0.0036457174108828101, -0.026025418778556717]
is_refrigerator
-0.0148355680947
----------------------------------------

[-0.00059243625665530845, -0.01647803371920737]
is_sewing_machine
-0.00853523498793
----------------------------------------

[-0.010139821292703929, -0.0062588118812344747]
is_bicycle
-0.00819931658697
----------------------------------------

[-0.020359043135800645, -0.015402060619844671]
is_scooter
-0.0178805518778
----------------------------------------

[-0.011215794374368695, -0.020367829987686568]
is_car
-0.015791812181
----------------------------------------

[-0.0062500250290087427, 0.011928765785083771]
is_tractor
0.00283937037804
----------------------------------------

[-0.038546620789977351, 0.0030651551585472265]
is_water_pump
-0.0177407328157
----------------------------------------

[-0.029683010166774625, -0.077744664645464132, -0.068915820144446929, 0.1644796541650759]
cart
-0.0029659601979
----------------------------------------

[-0.044437024389492645, -0.0022097930188005655, 0.01319945448146196, 0.017112264432541664, -0.019190457082000578, -0.035691315579264936]
land_possessed
-0.0118694785259
----------------------------------------

[0.00016199174418185113, -0.0025972052778606095, 0.012987473305508175, -0.17175035320661802]
residancial_status
-0.0402995233587
----------------------------------------

[-0.0036203740067905395, -0.085698347098242714, -0.046496024720977691]
iscoveredbyhealthscheme
-0.045271581942
----------------------------------------

[-0.0036203740067905395, -0.032786087372334523, 0.072884855454309616, 0.038629600779647888, -0.072605472898980949, -0.10528846329027521, -0.09830400147713822, -0.0040826330548911485]
healthscheme_1
-0.0256465719833
----------------------------------------

[-0.085698347098242714, 0.083067767389999922, 0.18218585943084678, -0.24740830751053342, 0.20107338288183366, 0.26206699157952501, -0.21585945315150867, 0.020180288890601104]
healthscheme_2
0.0249510228016
----------------------------------------

[0.051140681071842803, 0.015346736908649378]
housestatus
0.0332437089902
----------------------------------------

[-0.12231326176831923, 0.083560920161936308, -0.074316374846204056, -0.069520942909839747, 0.022815841911513694, -0.00023312074788867793]
householdstatus
-0.0266678230331
----------------------------------------

[0.053040413345130516, 0.021546688577036469, 0.046456338305757877, 0.029815102704109059, 0.0676613767679657]
as_binned
0.04370398394
----------------------------------------

j th  class



[-0.067267184829088542]
district
-0.0672671848291
----------------------------------------

[0.00019785038219301068, -0.0042943588469798507]
rural
-0.00204825423239
----------------------------------------

[0.0012367595279548799, -0.010560756335198056]
sex
-0.00466199840362
----------------------------------------

[0.0075031570206801797]
usual_residance
0.00750315702068
----------------------------------------

[-0.00051317226520647679]
age
-0.000513172265206
----------------------------------------

[-0.14467843641874267, -0.030684626860113643, 0.068361527795255256, 0.01846692618633709, 0.066907287961594841, 0.10718087587832106, -0.025329258633525406]
religion
0.00860347084416
----------------------------------------

[-0.20796033165970235, -0.00070548454995446959, -0.015680184282353155]
social_group_code
-0.074782000164
----------------------------------------

[0.013328069514713882, -0.12715407953944974, 0.50524987376779529, -0.13687382539715312, -0.16780753628245768, -0.14119239978922093, -0.10874776616123609, -0.16274030166245856]
marital_status
-0.0407422456937
----------------------------------------

[0.33620843574982162, 0.11138693829345789, 0.046321107027848363]
currently_attending_school
0.164638827024
----------------------------------------

[-0.11847308064259326, 0.1555160828113849, 0.31694175040746386, -0.039885746331847105, -0.12066597840294489, -0.18127853872779395, 0.15079000052230768, 0.39103786457722328, -0.5199060469248693]
reason_for_not_attending_school
0.00378625636537
----------------------------------------

[-0.2247013615456582, -0.002556467595729338, 0.01406272135683396, 0.03605222642690236, -0.019067855678342814, 0.022462663491535358, -0.019761805407040371, 0.012690363613528837, -0.051196785756881434]
highest_qualification
-0.0257795890105
----------------------------------------

[0.054982706574880844, -0.14938952863584259, -0.10493013439257634, -0.1332612154866287, -0.11166577103498486, -0.1810813311881051, -0.16313946302563961, -0.023280099928936145, -0.068926459308323473, -0.16080122196770022, -0.11371750254709294, -0.15206378198091758, -0.12664671824585041, -0.1603496739339523, -0.1068505834615316]
occupation_status
-0.113408051904
----------------------------------------

[-0.067230512846099863, -0.22820824657673314, 0.13363241080060517, 0.13038802996547924, -0.064596420825396614, 0.020025164409224416, -0.097603394134035043]
disability_status
-0.024798995601
----------------------------------------

[0.045520908548682119, -0.20082963721474989, -0.11622198285803194, 0.2260470706479108, 0.016397439256605341, 0.00039925970820467883, 0.058805258543576037]
injury_treatment_type
0.00430261666174
----------------------------------------

[-0.28891778210162439, 0.074378505110620163, 0.019647662248543224, -0.064710629293671745, 0.02315339774509317, 0.029474628171545648, -0.074114072009336313, 0.085174705836105258, -0.12203951862292736]
illness_type
-0.0353281225462
----------------------------------------

[-0.066791999493357443, 0.26193507103976366, -0.054662869701667283, 5.5434235294010877e-05, -0.036259297552467526, -0.060815402629940257, 0.015981942594738972, -0.26081945852951482, -0.010133650612327185, -0.13031009677987582, 0.1156795982437582, -0.0015843325208504183, -0.20171762451214312, 0.01273589118894115, -0.030459616595887945, -0.063627800183909636, 0.033223020171354173, 0.20940724396269958, -0.030488555390214254, -0.10094726248116583, 0.10179282107266122, -0.025624986679520383, 0.012058944523147199, -0.10039136516275779, -0.081208325302278117, 0.013133358858185246, 0.11155877232377832]
treatment_source
-0.013640020219
----------------------------------------

[-0.043358009120094111, -0.013842096862396895, 0.0044976783796052237, 0.060023022241820052, -0.01642302360563945, -0.060991778286468824, 0.0042230385615324734, 0.013630954691743257, -0.043405293936187098, -0.0983319177743604, -0.048505450277159808, 0.038097575389978981, 0.15628460018192641, -0.019560521043058759]
symptoms_pertaining_illness
-0.00483294438991
----------------------------------------

[0.021245613008551531, 0.01473774531303223, 0.065890582910106424]
sought_medical_care
0.0339579804106
----------------------------------------

[0.082260017096044691, -0.0060847193484372631, 0.083638866047333491, -0.069364565786041832, -0.056116326851130036, 0.0044130118661362882, 0.063846673827604547, -0.072103017722857723, -0.022653224967430392, -0.01856544074746325, -0.018703336962311638, 0.032696112973087034, -0.11724647698022458]
diagnosis_source
-0.00876787904275
----------------------------------------

[0.023653368670667675, -0.021524169200222799, -0.0003874527336286725, 0.01273589118894115, -0.030459616595887945, -0.063627800183909636, 0.033223020171354173, 0.20940724396269958, -0.030488555390214254, -0.10094726248116583, 0.10179282107266122, -0.025624986679520383, 0.012058944523147199, -0.10039136516275779, -0.081208325302278117, 0.013133358858185246, 0.11155877232377832]
regular_treatment
0.00370022864952
----------------------------------------

[0.01273589118894115, -0.030459616595887945, -0.063627800183909636, 0.033223020171354173, 0.20940724396269958, -0.030488555390214254, -0.10094726248116583, 0.10179282107266122, -0.025624986679520383, 0.012058944523147199, -0.10039136516275779, -0.081208325302278117, 0.013133358858185246, 0.11155877232377832]
regular_treatment_source
0.0043687243075
----------------------------------------

[0.10078863490227914, -0.0092798643582050876, 0.10346368190416613, 0.042764210721068507, -0.28126355910804174, 0.063142023158534455, 0.10751059859909542]
chew
0.0181608179741
----------------------------------------

[0.03907866143012724, 0.059557257776839533, 0.015419949914021014, -0.010204169272778948]
smoke
0.0259629249621
----------------------------------------

[0.00064271393437243397, -0.10647767585487906, 0.054901701279323284, 0.046215044198020125]
alcohol
-0.00117955411079
----------------------------------------

[0.070776682731820792, -0.023923601887628022, 0.067989108213750676, 0.5461573079046671]
house_status
0.165249874241
----------------------------------------

[0.10758676687440626, -0.040959603114443049, -0.035998361682182518, 0.0053153757473262501]
house_structure
0.00898604445628
----------------------------------------

[0.06913067237978146, -0.018009875602421507, 0.053832497374750883]
owner_status
0.034984431384
----------------------------------------

[-0.038334538425185222, 0.037637028935109194, 0.02135083846386782, 0.034548896552603243, 0.054945673041973661, 0.0056038635556673443, 0.02140436319442968, -0.14128094802912058, -0.070013912682095558]
drinking_water_source
-0.00823763726586
----------------------------------------

[0.033292280306631714, -0.019049692682960192]
is_water_filter
0.00712129381184
----------------------------------------

[0.016537776029428256, 0.027322111791331521, 0.077365172905597787, 0.15488252171912142, 0.055676205637086466, -0.029271931030034028, -0.0094613643218246571, -0.19163412703711311]
water_filteration
0.0126770457117
----------------------------------------

[-0.10392828234807588, -0.12242201925683199, -0.018421869110683442, -0.060366059507663439, 0.001016680155202206, -0.069015927027055307, 0.036180143475675934, 0.069541782077441314, 0.18891256663984729]
toilet_used
-0.00872255387802
----------------------------------------

[0.016368682330643595, 0.033049462832236975]
is_toilet_shared
0.0247090725814
----------------------------------------

[-0.0076241653873403113, 0.004361761940109142]
household_have_electricity
-0.00163120172362
----------------------------------------

[-0.0068736785934377653, 0.080525793545625196, 0.074044954258673995, 0.087700037248922433, -0.24655272256230235, 0.16732926116679042]
lighting_source
0.026028940844
----------------------------------------

[-0.16555924030801464, 0.078439089373038576, 0.16744505978813073, 0.15568364788881728, 0.0059034231674621532, 0.0086118729845755405, 0.067219277987118381, 0.1338228203099118, -0.099151830337653651]
cooking_fuel
0.0391571245393
----------------------------------------

[-0.0034794356728595948, -0.025126222941838874, -0.046819927183428485, 0.012540352040959605, -0.11950817443905365]
kitchen_availability
-0.0364786816392
----------------------------------------

[0.17640205588285776, -0.026402694692786142]
is_radio
0.074999680595
----------------------------------------

[0.02389077803498595, 0.0082128268902877336]
is_television
0.0160518024626
----------------------------------------

[-0.010724743542319117, 0.026760826980469363, -0.0080760744830717553]
is_computer
0.00265333631836
----------------------------------------

[-0.021196669158620486, 0.019378975642628814, -0.0061865222836378613, 0.02775371799853936]
is_telephone
0.00493737554973
----------------------------------------

[-0.043458088014132389, -0.012324240048971697]
is_washing_machine
-0.0278911640316
----------------------------------------

[0.0098123233924139863, -0.028909562495313176]
is_refrigerator
-0.00954861955145
----------------------------------------

[0.026397645844609366, -0.0019361084132126288]
is_sewing_machine
0.0122307687157
----------------------------------------

[-0.00057580823943177923, 0.0023164662389378683]
is_bicycle
0.000870328999753
----------------------------------------

[-0.0048283828939561053, 0.0045452159814555783]
is_scooter
-0.00014158345625
----------------------------------------

[-0.0070571326371244207, -0.016872505702212378]
is_car
-0.0119648191697
----------------------------------------

[0.014360589049566167, 0.039191713658449527]
is_tractor
0.026776151354
----------------------------------------

[-0.041703630337053633, 0.0041111725984840537]
is_water_pump
-0.0187962288693
----------------------------------------

[-0.0066230892541297879, -0.012278856154869917, -0.010270076052520513, 0.035226387063580382]
cart
0.00151359140052
----------------------------------------

[-0.015189371508980965, 0.018917817817081205, -0.0042094697646628109, -0.0040419681360487061, 0.037281715558333109, -0.071000886234248994]
land_possessed
-0.00637369371142
----------------------------------------

[0.020540874106816164, 0.033688219425690891, 0.030787322518311466, 0.049826640892261048]
residancial_status
0.0337107642358
----------------------------------------

[-0.22869282112015368, -0.010442901148868609, -0.022849063841953697]
iscoveredbyhealthscheme
-0.087328262037
----------------------------------------

[-0.22869282112015368, -0.081098673305878055, -0.05832296583179894, -0.010957046717209932, -0.045218531502171429, 0.054501876515451769, 0.064524156422738593, -0.055228974633162599]
healthscheme_1
-0.0450616225215
----------------------------------------

[-0.010442901148868609, 0.040258584602081413, -0.12141590460604358, -0.28945119853765705, 0.018555144818870221, -0.36160651360082785, -0.20709111677796246, 0.47702044386454134]
healthscheme_2
-0.0567716826732
----------------------------------------

[-0.29017956191861449, 0.046989349594504952]
housestatus
-0.121595106162
----------------------------------------

[-0.096690872423611962, -0.019753254625212879, -0.018820988265954786, 0.11170427554053965, -0.015045728594974214, 0.0046567585293591507]
householdstatus
-0.00565830163998
----------------------------------------

[-0.015751712987495087, 0.072794890805065363, 0.0095359494131247707, 0.06038779433736767, -0.012808091071502756]
as_binned
0.0228317660993
----------------------------------------

j th  class



[-0.1280251607420004]
district
-0.128025160742
----------------------------------------

[0.001630808889383514, -0.0021875527687351269]
rural
-0.000278371939676
----------------------------------------

[-0.0036317727155691366, -0.035737611743658824]
sex
-0.0196846922296
----------------------------------------

[0.029918286254077615]
usual_residance
0.0299182862541
----------------------------------------

[-0.0025675191923504492]
age
-0.00256751919235
----------------------------------------

[-0.14365496400088729, -0.051139335931171336, -0.07161891662616976, -0.11835773548266929, -0.26170486491059153, -0.25969085037695394, 0.17124834355898205]
religion
-0.104988331967
----------------------------------------

[0.58544403428214076, 0.0097996723694069587, -0.02313185527903493]
social_group_code
0.190703950458
----------------------------------------

[0.007512857417453965, -0.014760265577734267, 0.14696035364738971, -0.046149619465270082, 0.067919884048766505, -0.058132186859040445, -0.038080168152451903, -0.095838267446120173]
marital_status
-0.00382092654838
----------------------------------------

[0.032260944318724352, 0.02502926251932289, 0.059569917335451153]
currently_attending_school
0.0389533747245
----------------------------------------

[0.42663320538749161, -0.3808046353930733, -0.30924232504911492, 0.2047401820901894, 0.19459463194485688, -0.18752296961140658, 0.11216107616802012, -0.42375049119993924, 0.81067237442261519]
reason_for_not_attending_school
0.0497201165288
----------------------------------------

[0.46535527935081206, -0.064284205021738539, -0.060630632939307351, 0.02367328932471165, -0.051279424358844222, -0.045888415630504227, -0.084756307159740793, 0.14816302644979912, -0.013622572360917292]
highest_qualification
0.035192226406
----------------------------------------

[-0.089900730828097172, -0.1353654850835779, -0.20576148242821143, -0.20996683997030877, -0.083174311430656706, -0.47149098074695006, -0.057398623711597679, -0.30803745272994887, -0.2107380342190138, -0.087693936763572108, -0.2240456552940806, -0.34627067580420934, -0.1835787175450127, -0.10984664944145148, -0.16640977424184294]
occupation_status
-0.192645290016
----------------------------------------

[-0.15945554130051842, -0.20675755852152461, 0.022955405678246797, -0.14775342102039105, -0.53788286417909847, -0.029261681780230676, -0.5422284824028345]
disability_status
-0.228626306218
----------------------------------------

[0.19320861990939822, 0.17164963788453028, -0.52390816859042355, -0.39862901367702974, 0.19506767384609133, 0.14413539753895283, 0.11247058845685237]
injury_treatment_type
-0.0151436092331
----------------------------------------

[-0.052943224226199487, -0.12043157855435911, 0.17820408995933729, -0.042780039464840783, -0.44910015826062827, 0.038202280127106691, 0.16640430433178141, 0.083315972344137124, -0.31595737192352019]
illness_type
-0.0572317472964
----------------------------------------

[0.086063346994966719, -0.0012602607865233664, -0.12822684242114576, 0.16807328024580262, 0.49415791161116329, 0.073442391675350632, -0.058760037740836546, 0.53321648922590004, -0.02716273309104052, 0.09751069026547729, -0.36479869948870647, 0.46153173422924032, -0.052195065381729605, -0.064543407446385426, -0.18310842924096102, -0.017227189070135075, -0.2807836332073757, -0.17313725014956419, 0.085792443010252489, -0.21346366815874035, -0.15225066110970603, -0.13550920221893775, -0.17385305972855808, -0.45426474359729907, -0.10007835859261563, 0.69829798914737606, -0.29013697453644671]
treatment_source
-0.00639533109486
----------------------------------------

[-0.28561856043576378, 0.04072621060899316, -0.071003078380149631, -0.062757379617503523, -0.021840216667922407, -0.086111072641504666, 0.12991600949640356, -0.017617492260523143, -0.16168908881316008, 0.34813324518989119, 0.065595015735415332, -0.30341500992456472, 0.40498959235973719, 0.13498630853501434]
symptoms_pertaining_illness
0.00816389165603
----------------------------------------

[-0.40573236911355554, -0.43197012469273705, -0.47255929447248601]
sought_medical_care
-0.436753929426
----------------------------------------

[-0.38134685863868284, 0.14180195272681609, 0.023590922049654559, 0.08332406801690917, 0.015190963277531286, -0.18106760523019003, 0.10576830695151358, 0.56735146119979707, 0.089289822554725548, 0.083258676110382693, 0.42255529150407894, -0.11199397417146792, 0.086852517053552541]
diagnosis_source
0.072659657185
----------------------------------------

[0.060791650282210154, 0.12212406311155413, 0.070114399201461522, -0.064543407446385426, -0.18310842924096102, -0.017227189070135075, -0.2807836332073757, -0.17313725014956419, 0.085792443010252489, -0.21346366815874035, -0.15225066110970603, -0.13550920221893775, -0.17385305972855808, -0.45426474359729907, -0.10007835859261563, 0.69829798914737606, -0.29013697453644671]
regular_treatment
-0.0706609430767
----------------------------------------

[-0.064543407446385426, -0.18310842924096102, -0.017227189070135075, -0.2807836332073757, -0.17313725014956419, 0.085792443010252489, -0.21346366815874035, -0.15225066110970603, -0.13550920221893775, -0.17385305972855808, -0.45426474359729907, -0.10007835859261563, 0.69829798914737606, -0.29013697453644671]
regular_treatment_source
-0.103876153207
----------------------------------------

[-0.10237203000431773, 0.087103262437346368, 0.29912032334122934, -0.051214924120691174, -0.03640453512718729, 0.055622108011106286, -0.040747981940299216]
chew
0.0301580317996
----------------------------------------

[0.082378634834030087, 0.057100435957332406, 0.11547540993173368, 0.11927450032331954]
smoke
0.0935572452616
----------------------------------------

[0.10400654122558992, 0.20141202138041439, 0.13559605641832803, 0.046993388441283389]
alcohol
0.122002001866
----------------------------------------

[0.011855421203051754, 0.14659132616996398, 0.3191725608866352, -0.27589600323304964]
house_status
0.0504308262567
----------------------------------------

[-0.41857530646353241, 0.057297411596323566, -0.023655241937233781, -0.037814683063175369]
house_structure
-0.105686954967
----------------------------------------

[0.014651934238904632, 0.09838918581250071, -0.020738602473941381]
owner_status
0.0307675058592
----------------------------------------

[-0.067171162506441409, -0.04747441751509078, -0.061934021762632255, -0.091165740664255923, -0.11161522481723896, 0.004009297487974, -0.13931050008591675, 0.26584645215534208, 0.051350954107097169]
drinking_water_source
-0.0219404848446
----------------------------------------

[0.14077262192725687, 0.01615481514625472]
is_water_filter
0.0784637185368
----------------------------------------

[-0.0056753943175336186, -0.055651504615555347, -0.17337183765180386, 0.062156192124156968, -0.028609758945497915, 0.078749025699809641, -0.18218280713203683, 0.28525682808771868]
water_filteration
-0.00241615709384
----------------------------------------

[0.029808677581285022, -0.096095074252104201, 0.02914259958034222, 0.025310870319337236, 0.19309360902500311, 0.0083533685693482768, 0.026427704075228604, 0.24009945011143996, -0.35968478044998842]
toilet_used
0.0107173805067
----------------------------------------

[0.11553052115624385, 0.087075511775826939]
is_toilet_shared
0.101303016466
----------------------------------------

[-0.020427764798602477, -0.027912920658612932]
household_have_electricity
-0.0241703427286
----------------------------------------

[0.038392341496367041, -0.069926015360115418, -0.087269056279311433, -0.09444521428188013, 0.049421454298318644, 0.015484090473329227]
lighting_source
-0.0247237332755
----------------------------------------

[0.19721416198725808, -0.032815985913202624, 0.34205675401445623, -0.056207797377826087, -0.037498530852291767, -0.23521904257895848, -0.095767380246628342, -0.10007640596279437, 0.3971119509945103]
cooking_fuel
0.0420886360072
----------------------------------------

[0.20638593932435609, 0.1563103752661627, 0.14393746681041397, 0.12051547711839315, 0.21582497081298258]
kitchen_availability
0.168594845866
----------------------------------------

[-0.62610886917902053, -0.02283093945461185]
is_radio
-0.324469904317
----------------------------------------

[0.03331036029166707, -0.0055211196039080725]
is_television
0.0138946203439
----------------------------------------

[0.016000540432189701, 0.070939602321011333, -0.014336366134780556]
is_computer
0.0242012588728
----------------------------------------

[-0.046123815349490949, 0.068710528009110983, 0.018130201933068163, -0.19068113800170708]
is_telephone
-0.0374910558523
----------------------------------------

[0.11431982889811522, -0.012849432951092558]
is_washing_machine
0.0507351979735
----------------------------------------

[0.023328853781716851, 0.017870777946620349]
is_refrigerator
0.0205998158642
----------------------------------------

[-0.0073913571108236873, 0.057815175847982139]
is_sewing_machine
0.0252119093686
----------------------------------------

[-0.047335755014038527, 0.001616496264104644]
is_bicycle
-0.022859629375
----------------------------------------

[0.0088629245662953295, -0.0030823005051247515]
is_scooter
0.00289031203059
----------------------------------------

[0.01356172134133421, -0.011157429348104706]
is_car
0.00120214599661
----------------------------------------

[0.021636850178266658, -0.020503610651222887]
is_tractor
0.000566619763522
----------------------------------------

[0.030983031485987599, -0.012136197371505215]
is_water_pump
0.00942341705724
----------------------------------------

[0.02261561820387592, 0.021666996361141097, 0.060445704661261597, -0.098982311971336459]
cart
0.00143650181374
----------------------------------------

[0.027349031778861044, -0.040129881513352374, -0.037657777511032386, -0.058456433077113221, -0.026760190941318273, 0.20511147003439262]
land_possessed
0.0115760364617
----------------------------------------

[-0.031627766160224856, -0.058010699586285984, -0.04573152838184294, 0.09805903729774966]
residancial_status
-0.00932773920765
----------------------------------------

[-0.11871107370573827, 0.03286122345372032, -0.019377626802082812]
iscoveredbyhealthscheme
-0.0350758256847
----------------------------------------

[-0.11871107370573827, -0.13787786103124691, -0.042063732173255222, 0.011321852355541116, 0.10872145053429683, 0.20810159764654274, -0.22523891149730685, 0.0017203156142493021]
healthscheme_1
-0.0242532952821
----------------------------------------

[0.03286122345372032, -0.029701349024936569, 0.25262177538744746, -0.44478658757226858, -0.098485190072969422, -0.20380748057134707, -0.12449523910750758, -0.43331877467913654]
healthscheme_2
-0.131138952773
----------------------------------------

[-0.15953559758736385, -0.050789977811747787]
housestatus
-0.1051627877
----------------------------------------

[-0.050443316880606784, 0.10272498458333884, -0.31238476851198427, 0.080579644918188212, 0.24630052552862414, 0.24911642943268902]
householdstatus
0.0526489165117
----------------------------------------

[-0.41712679376326212, 0.02048469922032703, 0.054530538251403769, 0.05295576269451948, 0.002571739275565226]
as_binned
-0.0573168108643
----------------------------------------

j th  class



[-0.10014036782816597]
district
-0.100140367828
----------------------------------------

[-0.0018458709601232596, -0.011093162785472743]
rural
-0.0064695168728
----------------------------------------

[0.0065413278790550852, -0.0055422119590388761]
sex
0.000499557960008
----------------------------------------

[0.00099037706216110045]
usual_residance
0.000990377062161
----------------------------------------

[-0.00021586153192627673]
age
-0.000215861531926
----------------------------------------

[-0.1220089551773698, 0.048182113532038495, -0.027194656199897603, 0.0064262923806275712, 0.02261477140172401, -0.30036320910023873, 0.37901105902176191]
religion
0.000952487979807
----------------------------------------

[-0.13322820593980328, 0.018376050994899768, -0.0040999636466318755]
social_group_code
-0.0396507061972
----------------------------------------

[-0.018827922244346693, 0.10368371860208001, 0.096393176699435784, 0.041080100870389311, 0.074695452934626205, 0.016380980358437672, -0.28163253236343122, -0.024203899198393306]
marital_status
0.00094613445735
----------------------------------------

[-0.030948832801736315, -0.028778268938243715, -0.48540300445735796]
currently_attending_school
-0.181710035399
----------------------------------------

[-0.15110940045078369, 0.13281002671002853, -0.099306400812860504, 0.18708836282715052, -0.37573294641081362, 0.24500573386154889, -0.1429785470494413, -0.34182337689717512, -0.0031041920468100558]
reason_for_not_attending_school
-0.0610167489188
----------------------------------------

[-0.23847106508976681, 0.044722491376455509, -0.024912732376442821, -0.028074283029422498, 0.013935618966969964, 0.0089951943951109697, -0.044000045252426789, -0.070457937545402624, -0.095093237475530223]
highest_qualification
-0.0481506662256
----------------------------------------

[-0.11626949059577775, -0.030126314048686938, 0.021480009656347294, 0.03001952299107187, 0.073562622267872455, 0.11118680201389623, -0.10718171859077402, 0.063995118515585203, 0.16465242502143509, 0.03428254169584375, 0.0032691004341491715, -0.3484810389543635, 0.01782238006992121, 0.042641444156720484, 0.037791519289120175]
occupation_status
-9.0338405176e-05
----------------------------------------

[-0.05362809731630034, -0.10132464243473242, -0.0020999444893131792, -0.10822742037542553, 0.18923099046316863, 0.012204970339075964, 0.091573584616927717]
disability_status
0.0039613486862
----------------------------------------

[-0.71254933253707942, -0.20452440611813316, 0.13486871458853719, 0.098197653233989282, 0.035659740058431658, 0.14473472125289968, -0.59272184754765633]
injury_treatment_type
-0.15661925101
----------------------------------------

[0.3004619003471673, -0.038001768347856082, -0.011223212044373751, 0.063683916823533207, -0.14085414203478858, 0.087172575093109425, 0.018073049309217552, -0.063901966432701074, -0.51014733863462125]
illness_type
-0.0327485539913
----------------------------------------

[-0.032162280682977176, -0.032950023649290124, -0.014869079231348833, 0.0028930225798308395, -0.066716810302065097, -0.34669594077689209, 0.010343623138006432, 0.1791549175670866, -0.022333841574688772, 0.11114201531177328, -0.42444128556458366, -0.37816727956272966, 0.078202288802398559, -0.033726560608047913, 0.086309037089330812, 0.071738823449598324, 0.027948867783735742, -0.17558049658994479, -0.2195431508954202, 0.019146695451479488, 0.090885864063959584, 0.0034422797724520987, 0.031382297973784022, -0.050011738537414183, 0.018295198593892538, -0.2497069451539406, -0.017458580147486503]
treatment_source
-0.049388114137
----------------------------------------

[0.12449312011099711, 0.046074409854443277, 0.02552881994823597, 0.03262163720985467, 0.05616319748384252, -0.018039467920930689, 0.050833206648692446, 0.018687392680785179, 0.057830219426134574, 0.056907702240577708, -0.04521094175706817, 0.15038794448823256, -0.75257979919413576, 0.080064276142568169]
symptoms_pertaining_illness
-0.00830273447413
----------------------------------------

[0.23617956784820682, 0.20169976779851256, 0.16514849949512025]
sought_medical_care
0.201009278381
----------------------------------------

[0.17710888181460763, -0.0015947962247802312, -0.084273451020757256, -0.013961183993488595, 0.099932658612540262, 0.35198963400535355, -0.015641851505003374, -0.29136817373976459, 0.017590165553198044, -0.010084494818459981, -0.077665379801538592, 0.049615355171513546, 0.029069067444859268]
diagnosis_source
0.0177474178076
----------------------------------------

[0.057108434284434503, 0.00092833572692733253, -0.028785184611108749, -0.033726560608047913, 0.086309037089330812, 0.071738823449598324, 0.027948867783735742, -0.17558049658994479, -0.2195431508954202, 0.019146695451479488, 0.090885864063959584, 0.0034422797724520987, 0.031382297973784022, -0.050011738537414183, 0.018295198593892538, -0.2497069451539406, -0.017458580147486503]
regular_treatment
-0.0216251071973
----------------------------------------

[-0.033726560608047913, 0.086309037089330812, 0.071738823449598324, 0.027948867783735742, -0.17558049658994479, -0.2195431508954202, 0.019146695451479488, 0.090885864063959584, 0.0034422797724520987, 0.031382297973784022, -0.050011738537414183, 0.018295198593892538, -0.2497069451539406, -0.017458580147486503]
regular_treatment_source
-0.0283484576967
----------------------------------------

[-0.1059791700856801, 0.13935942661511624, 0.096183988043964816, -0.021884807062100466, 0.024998038162008834, 0.024178720234408708, -0.012190421114976591]
chew
0.0206665392561
----------------------------------------

[0.0099460650767645275, 0.054559843651588891, -0.013777048757842969, 0.1905438127908097]
smoke
0.0603181681903
----------------------------------------

[0.029264402264346238, -0.03436335542615928, 0.1342113681627522, 0.071268662092792312]
alcohol
0.0500952692734
----------------------------------------

[0.089474335123436846, 0.0046727313587720211, 0.21605750949595737, -0.65209264729061844]
house_status
-0.0854720178281
----------------------------------------

[0.136675469676801, 0.015580809209818774, 0.036656622832122808, 0.018330683985859401]
house_structure
0.0518108964262
----------------------------------------

[-0.1004822199804115, -0.013067168962602007, -0.078321888500800588]
owner_status
-0.0639570924813
----------------------------------------

[0.061474953500846849, -0.00019127811923325865, 0.05549965271862331, 0.0319426414672771, 0.057808234148820831, 0.18925878597605783, 0.050432691608618976, -0.53543541147925056, 0.21720633622059085]
drinking_water_source
0.0142218451158
----------------------------------------

[-0.096435756490508825, -0.0082033846954385706]
is_water_filter
-0.052319570593
----------------------------------------

[-0.021710719252082327, 0.035285471621005218, 0.00092771605597208404, 0.028410881092997987, -0.046774254204585475, -0.024523047960391363, 0.071094369235961033, -0.04491032543022129]
water_filteration
-0.000274988605168
----------------------------------------

[-0.02771419510683026, -0.015325566454206697, -0.035853005003406054, -0.040761005130351205, 0.24802841691028563, 0.019192317055864067, -0.05540705277284997, -0.097894408580657011, 0.024285925719998033]
toilet_used
0.00206126962643
----------------------------------------

[-0.023679834794683486, -0.015699829660816761]
is_toilet_shared
-0.0196898322278
----------------------------------------

[0.061965451404315801, -0.031876950306874353]
household_have_electricity
0.0150442505487
----------------------------------------

[0.0019628463432349885, 0.0444366141818969, -0.013452848391076409, 0.059682508009720636, -0.27947263343349693, -0.17542624365130116]
lighting_source
-0.0603782928235
----------------------------------------

[0.33431849932915753, 0.17781036072036036, -0.073848321840517039, 0.16112341870937821, 0.24094491203635846, 0.25858244934011088, 0.19709982184532418, 0.17298520154291117, 0.19660225792363786]
cooking_fuel
0.18506873329
----------------------------------------

[0.31117834539165612, 0.0096696374128298779, -0.015144081346175675, -0.094197457021580652, 0.027478678532231279]
kitchen_availability
0.0477970245938
----------------------------------------

[0.042279118476025036, 0.014755976938243615]
is_radio
0.0285175477071
----------------------------------------

[-0.044670080898805656, -0.0023278017418817214]
is_television
-0.0234989413203
----------------------------------------

[-0.027586302204436957, 0.054238354876405437, -0.026542273297419251]
is_computer
3.65931248497e-05
----------------------------------------

[-0.057610185540260331, -0.038150281761433751, 0.031043538033723731, -0.027485937100728577]
is_telephone
-0.0230507165922
----------------------------------------

[0.0046785768787117599, -0.0020344430133240636]
is_washing_machine
0.00132206693269
----------------------------------------

[-0.027879660947121406, -0.014153147501285808]
is_refrigerator
-0.0210164042242
----------------------------------------

[-0.01576095645793452, -0.023786979558717874]
is_sewing_machine
-0.0197739680083
----------------------------------------

[-0.0061271243967332325, -0.017751106895915612]
is_bicycle
-0.0119391156463
----------------------------------------

[-0.012162997056117821, -0.023948461724158487]
is_scooter
-0.0180557293901
----------------------------------------

[-0.0059656422298933493, -0.0025408939144867864]
is_car
-0.00425326807219
----------------------------------------

[-0.027373210041739274, -0.03081206908511978]
is_tractor
-0.0290926395634
----------------------------------------

[0.00089796512646042115, -0.061822095506362043]
is_water_pump
-0.03046206519
----------------------------------------

[0.031907991551402615, 0.020734911210110792, 0.12093277862596846, -0.17792245683839714]
cart
-0.00108669386273
----------------------------------------

[0.0063406630413985711, -0.053501245652184927, -0.045724809326053439, -0.024822569484934626, 0.097189609984442843, 0.07499716101874454]
land_possessed
0.0090798015969
----------------------------------------

[-0.078052250489149405, 0.05753553172692439, -0.0024111036794390297, 0.16480910410202332]
residancial_status
0.0354703204151
----------------------------------------

[-0.18150305833397742, -0.02208062673496114, -0.0068878649275802483]
iscoveredbyhealthscheme
-0.0701571833322
----------------------------------------

[-0.18150305833397742, 0.067398965473509112, 0.0064275467174913703, -0.019170223164716386, -0.11694443393881424, 0.020024476530174699, 0.067907100016422958, 0.082599027484241958]
healthscheme_1
-0.00915757490196
----------------------------------------

[-0.02208062673496114, -0.062924120379102694, 0.31125745895339441, 0.14495626918534163, -0.21015083718097358, 0.22524376824287379, -0.094069652345648763, 0.15343207690303479]
healthscheme_2
0.0557080420805
----------------------------------------

[0.07575008557868193, -0.11558613684066681]
housestatus
-0.019918025631
----------------------------------------

[-0.049830286526477773, 0.02583966881840984, -0.11305840367811358, 0.27029270916212372, 0.1902521428464744, -0.20739086301731735]
householdstatus
0.0193508279342
----------------------------------------

[-0.28152139097013318, 0.0090836991472075211, 0.019127678209870179, 0.015784467338527852, -0.062869120889561661]
as_binned
-0.0600789334328
----------------------------------------

j th  class



[-0.15779385682650163]
district
-0.157793856827
----------------------------------------

[-0.00017309350237277091, 0.00091402702296955148]
rural
0.000370466760298
----------------------------------------

[-0.0080864750702042028, -0.0075812595678192906]
sex
-0.00783386731901
----------------------------------------

[0.00040881151760215853]
usual_residance
0.000408811517602
----------------------------------------

[0.0022817321888889946]
age
0.00228173218889
----------------------------------------

[-0.1451931658271359, 0.017416065307932903, 0.093973199268288093, 0.0029469295219838008, 0.079297865480675717, 0.41466310422948249, 0.1293260172413784]
religion
0.0846328593175
----------------------------------------

[-0.74479562908719477, 0.018227303688344989, 0.0027177838618718067]
social_group_code
-0.241283513846
----------------------------------------

[-0.028117535585840219, -0.018894671500531098, -0.12046005623275109, 0.091854712637319785, 0.011350350789685177, 0.079898141589255678, -0.061841829827277699, -0.01502907912822087]
marital_status
-0.0076549959073
----------------------------------------

[0.025949983622143704, 0.075558090098580957, 0.16748193102416711]
currently_attending_school
0.089663334915
----------------------------------------

[0.23805091705344772, 0.59406322520413135, 0.32397652427708923, -0.21399772449415327, -0.20399504100833468, 0.28058025795684283, 0.00022133429275833917, 0.14817507188525539, -0.40131386478912956]
reason_for_not_attending_school
0.0850845222642
----------------------------------------

[-0.12217693524684084, 0.040907757514594835, 0.052672096233835862, -0.0099930704105443708, 0.041332401067578552, 0.017133575897748398, 0.083836714920225083, -0.060047304440448236, -0.052963292197064679]
highest_qualification
-0.00103311740677
----------------------------------------

[-0.57959646028002465, -0.12060857934946435, -0.181805491609972, -0.19225175628467464, -0.23293756652626896, -0.030219743814399059, -0.11699193002147949, -0.10603635847693139, -0.07430873250184418, -0.06516933094401528, -0.24121873525396886, -0.11208412976377119, -0.14465593558261244, -0.059977210732567267, -0.1211215119771587]
occupation_status
-0.158598898208
----------------------------------------

[-0.31582324255564881, -0.1261757273753886, 0.066171015067262473, -0.0895891205051106, -0.16264104697958157, 0.041392791766725473, -0.22607663042305617]
disability_status
-0.116105994429
----------------------------------------

[-0.2222932652091397, -0.17986428467546184, 0.27195334267303023, 0.18878196345841147, -0.51865294104047743, 0.25841263635268047, 0.50191578497213662]
injury_treatment_type
0.0428933195045
----------------------------------------

[0.067897389987642595, 0.29810380189050634, 0.14502347769056448, 0.22729554518659378, 0.50647725730455762, 0.15090554743928869, 0.16485301174362849, 0.26377403775255126, 0.15493204083541318]
illness_type
0.219918012203
----------------------------------------

[0.080162278223782024, -0.32308936390756782, -0.18800048067981909, -0.093956680198115858, -0.061506299475915537, -0.095111723417938818, -0.25679111937714072, 0.11412123471369996, -0.23068136119827284, -0.18552744391710177, -0.65709344798987102, 0.052822964665542871, -0.21181836216054475, 0.011791226358765453, 0.11604660805511625, 0.23104050386665276, 0.04806112281336257, 0.15878145742055194, -0.024679821969585253, 0.11075422000137547, 0.057945578456118349, 0.1845964745586989, 0.32873486165456017, 0.37695082334665075, -0.039884776803145394, -0.3485890449324347, 0.35836325824704185]
treatment_source
-0.0180206412461
----------------------------------------

[-0.2910536096423047, 0.10360460228942925, 0.13025745702446914, 0.13593715500464482, 0.1254702677132194, -0.0246454388932432, 0.10132301599647661, 0.080801821788816605, -0.83178269817355477, -0.044246787125219497, 0.22876757270986642, 0.40769461609440633, -1.0432847888292023, 0.061852778494966697]
symptoms_pertaining_illness
-0.0613788596819
----------------------------------------

[0.56107797785655822, 0.36169299337428312, 0.36310323792219701]
sought_medical_care
0.428624736384
----------------------------------------

[0.39815057062807691, 0.13136117772130454, 0.048078725993293395, 0.0012742477155199374, -0.17446315730405687, -0.15889637948932059, 0.090536199476546633, 0.34911311359722114, -0.0025009788634155075, -0.14412163660507704, -0.249604234231038, 0.10401502690933391, -0.24935883097556391]
diagnosis_source
0.011044911121
----------------------------------------

[0.060299348692463853, -0.16061047839858328, -0.17484818435560995, 0.011791226358765453, 0.11604660805511625, 0.23104050386665276, 0.04806112281336257, 0.15878145742055194, -0.024679821969585253, 0.11075422000137547, 0.057945578456118349, 0.1845964745586989, 0.32873486165456017, 0.37695082334665075, -0.039884776803145394, -0.3485890449324347, 0.35836325824704185]
regular_treatment
0.0761619515889
----------------------------------------

[0.011791226358765453, 0.11604660805511625, 0.23104050386665276, 0.04806112281336257, 0.15878145742055194, -0.024679821969585253, 0.11075422000137547, 0.057945578456118349, 0.1845964745586989, 0.32873486165456017, 0.37695082334665075, -0.039884776803145394, -0.3485890449324347, 0.35836325824704185]
regular_treatment_source
0.112136606505
----------------------------------------

[-0.12552582103074783, 0.21812347226093831, 0.0015354729984885175, 0.057211766090791753, -0.059658694416387541, 0.0063974643139268891, 0.16414217174072221]
chew
0.0374608331368
----------------------------------------

[-0.052949425027952635, 0.089735367786353007, -0.010819806702131906, 0.12424931034203668]
smoke
0.0375538615996
----------------------------------------

[0.13163735653234282, 0.041302240691228238, 0.043440658383135385, 0.20273476547885699]
alcohol
0.104778755271
----------------------------------------

[0.047324563411815353, 0.15671237465806434, -1.0247125983373184, -0.37478245034480223]
house_status
-0.298864527653
----------------------------------------

[-0.71587773717303005, -0.004817335125156974, 0.0092189539723087442, -0.024257651024462701]
house_structure
-0.183933442338
----------------------------------------

[0.035301142587282411, -0.025076647997436675, 0.01013898172341306]
owner_status
0.00678782543775
----------------------------------------

[0.030382776692216205, -0.010655145849909542, -0.060926818675511397, -0.029128604112539192, -0.016086706450718781, 0.14554287529947035, -0.051588693388504372, 0.2120312349561892, 0.012095861361837958]
drinking_water_source
0.0257407533147
----------------------------------------

[-0.18583889272721263, 0.025566614404583642]
is_water_filter
-0.0801361391613
----------------------------------------

[-0.01012150398557341, -0.29523051530652145, -0.0093552634794407206, 0.11515179323851593, -0.12447789482978863, -0.094567086503253392, -0.029043635363638669, 0.19606825628443719]
water_filteration
-0.0314469812432
----------------------------------------

[0.26702096036418149, -0.032975401179953484, 0.030897877344794059, -0.051146577330670441, 0.11374514239095601, -0.026854179321197057, 0.13823330093583219, -0.35388460832125018, 0.089177150658728999]
toilet_used
0.019357073949
----------------------------------------

[0.032394262040124848, -0.01496966677054341]
is_toilet_shared
0.00871229763479
----------------------------------------

[-0.077837628051220228, -0.0071061884079761375]
household_have_electricity
-0.0424719082296
----------------------------------------

[0.022551298827824771, 0.17580869254360804, 0.21755136471538586, 0.031401033420020034, -0.024372458312689468, -0.040926952859340476]
lighting_source
0.0636688297225
----------------------------------------

[-0.34401656907786449, -0.089008184861272877, 0.13190009321531707, -0.045076200393009608, 0.016783331775607369, -0.37823201091593694, 0.0094952968212355937, -0.10217230428971512, 0.003040431670580406]
cooking_fuel
-0.0885873462283
----------------------------------------

[0.06088920982847084, -0.046399878826876441, -0.021477712792625166, -0.058971395851200342, -0.1416006443500373]
kitchen_availability
-0.0415120843985
----------------------------------------

[0.28389474223309008, 0.018313505506414827]
is_radio
0.15110412387
----------------------------------------

[-0.0028683950828210934, 0.0025774635686281687]
is_television
-0.000145465757096
----------------------------------------

[0.01286764683607956, 0.062647931038373683, -0.043130883859651512]
is_computer
0.0107948980049
----------------------------------------

[-0.0040719367538464496, 0.078694145769855936, -0.044530002063952245, 0.0039151655552083038]
is_telephone
0.00850184312682
----------------------------------------

[-0.022634198853612987, 0.026938082960868102]
is_washing_machine
0.00215194205363
----------------------------------------

[-0.011492972535459041, 0.029859902467743182]
is_refrigerator
0.00918346496614
----------------------------------------

[-0.014414792048850652, -0.01060503186490532]
is_sewing_machine
-0.0125099119569
----------------------------------------

[0.026050142283459518, -0.014148261037207876]
is_bicycle
0.00595094062313
----------------------------------------

[0.029593371450841989, 0.012595250191716574]
is_scooter
0.0210943108213
----------------------------------------

[0.0028498602294326747, -0.035866861472522354]
is_car
-0.0165085006215
----------------------------------------

[0.051311971904282314, -0.012958658988777979]
is_tractor
0.0191766564578
----------------------------------------

[0.028403769413591004, 0.0032724668573790978]
is_water_pump
0.0158381181355
----------------------------------------

[0.0121726435691353, -0.12246389019559924, 0.015266996509646979, 0.18894363211607321]
cart
0.0234798454998
----------------------------------------

[-0.066301628006763993, -0.0023487526236483712, 0.0039027281194006906, 0.059741166050674088, -0.018055689607088997, -0.016609322202184196]
land_possessed
-0.00661191637827
----------------------------------------

[-0.011185019329347692, 0.081506589310254049, 0.047627194418448641, -0.027386874102540031]
residancial_status
0.0226404725742
----------------------------------------

[-0.20817951673193533, -0.0015792907524621227, -0.083579749449973956]
iscoveredbyhealthscheme
-0.0977795189781
----------------------------------------

[-0.20817951673193533, -0.021273566900198732, -0.00051794135879884801, -0.071454501968527734, 0.048110319192873174, -0.22623136175920733, 0.31644027740488079, -0.0068926885413427858]
healthscheme_1
-0.0212498725828
----------------------------------------

[-0.0015792907524621227, -0.061033393720575847, 0.66374021385552839, -0.83804895826558368, -0.079948900329896613, 0.37563771654619055, -0.15831272478708708, -0.50865401964692247]
healthscheme_2
-0.0760249196376
----------------------------------------

[-0.21301523917067056, -0.0019874493863285946]
housestatus
-0.107501344278
----------------------------------------

[-0.070250608372706164, -0.054608208414007049, -0.14617751492085115, 0.30832484820650907, 0.17247528963388634, 0.22455519418445866]
householdstatus
0.0723865000529
----------------------------------------

[-0.50655705807310669, -0.077628304342252499, 0.068914154986284365, -0.054347673561746759, 0.12895102878915252]
as_binned
-0.0881335704403
----------------------------------------

j th  class



[-0.0783627146904948]
district
-0.0783627146905
----------------------------------------

[-0.0006351320480192476, -0.030918378631491789]
rural
-0.0157767553398
----------------------------------------

[0.027356437131158703, 0.010379246050790967]
sex
0.018867841591
----------------------------------------

[-0.013941187586348302]
usual_residance
-0.0139411875863
----------------------------------------

[-0.0013791600725131595]
age
-0.00137916007251
----------------------------------------

[0.034950687058760199, 0.10623521611574935, 0.10993449644327431, 0.075872994376829775, 0.10715296087418752, 0.10363349607380798, -0.44039634446780962]
religion
0.0139119294964
----------------------------------------

[-0.065994760931702673, -0.039408106373782545, 0.037800949981744651]
social_group_code
-0.0225339724412
----------------------------------------

[-0.0019547851419222831, -0.046634024208866989, -0.25381172383931339, -0.00087773399724132804, 0.0054299227706442145, 0.025462109359788127, 0.14558016563425749, -0.012188120458399156]
marital_status
-0.0173742737351
----------------------------------------

[0.13347746320633022, -0.043687337177928887, 0.019811499743431639]
currently_attending_school
0.0365338752573
----------------------------------------

[-0.15376282548020151, 0.12179522147869215, 0.0085593354009931809, -0.082653318769515732, 0.30085146020766751, -0.083705695935500202, 0.044423491864018796, -0.34309765432100803, 0.27178687205284163]
reason_for_not_attending_school
0.00935520961089
----------------------------------------

[-0.37191103771495365, 0.018327640996542782, 0.073736507962972764, 0.0065469874662884269, 0.033181889643935751, 0.038227173413083362, 0.037658041863498581, 0.088480682780455885, 0.045867074441174181]
highest_qualification
-0.00332055990522
----------------------------------------

[0.10760940733672414, 0.087824246066133704, 0.075618076254562863, 0.10676507808138887, 0.0185427066395734, 0.015803993105624713, 0.1848320535570839, -0.019792571381380183, 0.08066818012305621, 0.049353595334852514, 0.10797204709253776, 0.46631391013686579, 0.064055765147332203, 0.036397304216729695, 0.028255633849607414]
occupation_status
0.0940146283707
----------------------------------------

[0.042061618795834851, 0.0059225642131899648, -0.0018099774348289644, 0.073574905826598785, -0.017907745640891912, 0.16153712298825068, 0.10342302006290806]
disability_status
0.0524002155444
----------------------------------------

[0.26890322984458281, 0.17033268578827968, 0.025688689540344374, -0.17373916944518109, -0.040848850854707269, -0.043011078627641794, -0.0068347268037043628]
injury_treatment_type
0.0286415399203
----------------------------------------

[-0.053375266179278805, -0.27209240632191378, -0.36834467799970894, -0.14818256646940695, 0.11382744654504763, -0.20186608131267156, -0.14946492327542468, -0.15359970086810962, -0.065004348245104288]
illness_type
-0.144233613792
----------------------------------------

[-0.031013616598333155, 0.15052017180653324, 0.14832632799656525, 0.090918457009871861, 0.10334603727961282, 0.15992294116976666, 0.13827416066858572, 0.1053407282963536, 0.1372609722802316, 0.092971224719989365, 0.021337618507218714, 0.10753247741190977, 0.2556755457588773, -0.0006564804746107618, -0.0057433805908854094, -0.028846865335650056, -0.018076179472747388, -0.14684599555143124, 0.086510440446009529, 0.090259260693781179, 0.18402010165244748, 0.01431426304438988, -0.03431438952350295, 0.034635611800507005, 0.41082757402404768, 0.26688238639806239, 0.045574391841659956]
treatment_source
0.088109399454
----------------------------------------

[0.12669408856983055, -0.022013184787056758, -0.022433214455586031, -0.052886103615742974, -0.039504711571188754, -0.041294623332837802, -0.026614884525600204, 0.040233848048770907, 0.54442648434591301, -0.035293345502306311, -0.016396949793278714, -0.077708930891067507, -0.025186046575969633, -0.085292118329396982]
symptoms_pertaining_illness
0.0190521648275
----------------------------------------

[-0.14359816055616342, -0.064810141413585987, -0.07189494255235114]
sought_medical_care
-0.0934344148407
----------------------------------------

[-0.10087370538986645, 0.074658473810532575, 0.0013114915448975608, 0.030303884441811174, 0.25270881410527218, -0.054155673295745749, -0.069357735505191476, -0.19972978894716287, 0.021017251054960558, 0.047243740767377418, 0.038465549517929444, -0.24392786487652926, -0.034885602071420774]
diagnosis_source
-0.018247781911
----------------------------------------

[-0.019222069155286448, -0.0091260385236268896, -0.0037792361765242016, -0.0006564804746107618, -0.0057433805908854094, -0.028846865335650056, -0.018076179472747388, -0.14684599555143124, 0.086510440446009529, 0.090259260693781179, 0.18402010165244748, 0.01431426304438988, -0.03431438952350295, 0.034635611800507005, 0.41082757402404768, 0.26688238639806239, 0.045574391841659956]
regular_treatment
0.0509654938292
----------------------------------------

[-0.0006564804746107618, -0.0057433805908854094, -0.028846865335650056, -0.018076179472747388, -0.14684599555143124, 0.086510440446009529, 0.090259260693781179, 0.18402010165244748, 0.01431426304438988, -0.03431438952350295, 0.034635611800507005, 0.41082757402404768, 0.26688238639806239, 0.045574391841659956]
regular_treatment_source
0.0641814813537
----------------------------------------

[0.087584665337890805, -0.087930064127010238, 0.043144248084541932, -0.05570731701343451, 0.052726828477185593, -0.049164352894932921, -0.026431901084949777]
chew
-0.00511112760296
----------------------------------------

[-0.085001491918851591, -0.027593295773515446, -0.068334496951580878, -0.091543893161364354]
smoke
-0.0681182944513
----------------------------------------

[-0.020892364541609285, -0.023010912715424072, -0.064456924039750355, -0.10074723087609971]
alcohol
-0.0522768580432
----------------------------------------

[-0.020148982819846162, 0.07160096881425243, -0.082606295397138846, 0.039284394431433223]
house_status
0.00203252125718
----------------------------------------

[0.047907956563509602, -0.02029992813715847, -0.037573323849603019, -0.0016292214732859288]
house_structure
-0.00289862922413
----------------------------------------

[0.084747240970324031, 0.037793751320130971, 0.021017650637045682]
owner_status
0.0478528809758
----------------------------------------

[-0.033566634432995172, 0.010755391265460641, 0.039251469183909364, -0.0025850294647437287, 0.013155135363310352, -0.024847008976045588, -0.031127590727038603, 0.19252975936488265, -0.0044216114733337912]
drinking_water_source
0.0176826533448
----------------------------------------

[-0.16746574703238709, 0.023366334497721117]
is_water_filter
-0.0720497062673
----------------------------------------

[0.0018784330166465261, 0.06298977687487628, -0.043041725482502388, -0.048504305069484409, 0.0025086276428691752, 0.055085527442617729, 0.013864211831230008, -0.026332241047281803]
water_filteration
0.00230603815112
----------------------------------------

[0.0067964623005971701, 0.087393049834248573, 0.046721845075944943, 0.13415741346250037, 0.010583182190661332, 0.058260465751496675, 0.066359098919293591, -0.09876770950353321, -0.45247507514819413]
toilet_used
-0.0156634741241
----------------------------------------

[0.04922962030726645, -0.087061053290287516]
is_toilet_shared
-0.0189157164915
----------------------------------------

[-0.060706676125866083, 0.020333489340874606]
household_have_electricity
-0.0201865933925
----------------------------------------

[0.0049112781784892978, 0.00099491027295991368, 0.029578500468734632, -0.068628030171432514, 0.12994198000722326, -0.13549735170071137]
lighting_source
-0.00644978549079
----------------------------------------

[0.068854758650220532, -0.17414373773659622, -0.31778220431137727, -0.15777973167551829, -0.22988553820017923, -0.26334350182137706, -0.23973982502141519, -0.13273660199737305, -0.21560283277556525]
cooking_fuel
-0.18468435721
----------------------------------------

[-0.18256339189718662, 0.032643084554549145, 0.044742261863137414, 0.061725066780317223, 0.039811604281046797]
kitchen_availability
-0.000728274883627
----------------------------------------

[-0.1536772499547934, 0.0067772666123094225]
is_radio
-0.0734499916712
----------------------------------------

[0.018467500902528869, 0.0061442414498235377]
is_television
0.0123058711762
----------------------------------------

[0.019100526058372352, 0.0096119385307908249, 0.002323831453334028]
is_computer
0.0103454320142
----------------------------------------

[0.013308997540535161, -0.049583279870312615, 0.05694446347498619, -0.014838794112641088]
is_telephone
0.00145784675814
----------------------------------------

[0.032722378005776862, 0.016973840486980109]
is_washing_machine
0.0248481092464
----------------------------------------

[0.0082709270382365051, 0.00028625850643500446]
is_refrigerator
0.00427859277234
----------------------------------------

[0.024958509012601385, 0.039040162715191035]
is_sewing_machine
0.0319993358639
----------------------------------------

[-0.01379539519367287, 0.015941557264302606]
is_bicycle
0.00107308103531
----------------------------------------

[0.0093032102432971751, 0.013557242133632892]
is_scooter
0.0114302261885
----------------------------------------

[0.011687525387997989, 0.0054617989781157294]
is_car
0.00857466218306
----------------------------------------

[0.019782968540020634, 0.014906032373239037]
is_tractor
0.0173445004566
----------------------------------------

[0.010338735134412616, 0.022189032419400706]
is_water_pump
0.0162638837769
----------------------------------------

[0.0030557350901538639, 0.016873276428300773, 0.080274069842168255, -0.10591752903222094]
cart
-0.0014286119179
----------------------------------------

[0.034014950289770231, 0.0025175702960710481, 0.021968300320770889, 0.0080603294301838067, -0.018606993119224573, 0.0017765812850012003]
land_possessed
0.0082884564171
----------------------------------------

[0.0095289793042999584, 0.0045164833609600986, 0.079569306164364847, -0.0077704337414780146]
residancial_status
0.021461083772
----------------------------------------

[0.086477304641309496, 0.065005790942382277, 0.071021329986681633]
iscoveredbyhealthscheme
0.0741681418568
----------------------------------------

[0.086477304641309496, 0.026765539499671004, 0.011562551726209486, -0.036594720477893104, 0.0024633325396462881, 0.025575687433280366, 0.041760534977496898, 0.099182484273617186]
healthscheme_1
0.0321490893267
----------------------------------------

[0.065005790942382277, -0.078944079531681297, -0.16289191925817262, 0.11373777066663765, 0.10288942416407745, 0.24404532086997582, 0.52977163205830047, -0.93670196809499773]
healthscheme_2
-0.0153860035229
----------------------------------------

[0.72159601712569454, -0.03695930623751803]
housestatus
0.342318355444
----------------------------------------

[0.26668862114480285, 0.011528288116584715, 0.19037588075053541, -0.17534494341838092, -0.021846672483073322, 0.042719047327553383]
householdstatus
0.0523533702397
----------------------------------------

[-0.084390906528566026, -0.022950080076332424, -0.03558323688952135, 0.00098797561283173272, -0.00049741282879101588]
as_binned
-0.0284867321421
----------------------------------------

j th  class



[-0.081348126162067644]
district
-0.0813481261621
----------------------------------------

[0.00099947545727679986, 0.0021073397917151654]
rural
0.0015534076245
----------------------------------------

[-0.0058049818936072081, -0.0035445730342635248]
sex
-0.00467477746394
----------------------------------------

[-0.0001530690654717591]
usual_residance
-0.000153069065472
----------------------------------------

[-0.00021416872049115365]
age
-0.000214168720491
----------------------------------------

[0.16545175837440049, 0.046991692927243374, -0.050227536164192885, 0.079425446374819089, -0.054463153892465269, 0.025744745863131822, -0.14148428333944063]
religion
0.0102055243062
----------------------------------------

[0.090315446152330212, 0.011270997755011369, -0.029734287556258968]
social_group_code
0.0239507187837
----------------------------------------

[0.014765647706602858, 0.0070163421728981984, 0.19553746551615817, -0.057112889236387784, -0.0884219023326345, -0.083935473204537661, -0.3297840569907376, -0.041973993477058276]
marital_status
-0.0479886074807
----------------------------------------

[0.39497686546239341, -0.017109844272258565, 0.12818953482467738]
currently_attending_school
0.168685518672
----------------------------------------

[-0.342031451489682, 0.34177582543015367, -0.15902708238739227, -0.15741778864709274, 0.062404477699930627, -0.11062684271227116, 0.089604662658976389, -0.1002117726066353, -0.19955867484814382]
reason_for_not_attending_school
-0.0638987385447
----------------------------------------

[0.019215278747483019, -0.018080581087631328, -0.030054277302923062, -0.05859050080049006, 0.0011453935147066187, -0.043362722907066768, 0.014516082038912135, -0.021221907858430745, -0.018555335879766498]
highest_qualification
-0.0172209523928
----------------------------------------

[-0.15059729212643694, 0.24258855865498746, 0.21795651533573163, 0.18248445893932183, 0.25093404827495291, 0.51808735142118068, 0.20708932688127155, 0.18896384640313937, 0.075034598712366382, 0.12703053521815474, 0.18609912836165912, -0.019847616902746865, 0.26462034541120993, 0.32946388515601382, 0.24473606536564857]
occupation_status
0.19097625034
----------------------------------------

[0.22752944698489944, 0.084434780649388988, -0.077999788845394241, -0.22619570324471966, -0.23232869423017585, -0.17661437442167488, 0.075401223553843225]
disability_status
-0.0465390156505
----------------------------------------

[-0.22531098474123681, -0.008767070099732233, -0.0085749526347239421, 0.066182514774643778, -0.089543586586019949, -0.19741104456136802, -0.084292006588467874]
injury_treatment_type
-0.0782453043481
----------------------------------------

[0.067316656071535003, -0.076746195288415628, -0.16711038616806828, -0.011479602770803031, 0.15813310559185839, 0.037252035333974899, -0.22831294809461145, -0.11448908126453998, 0.12747217313902567]
illness_type
-0.0231071381611
----------------------------------------

[-0.095037054789301981, -0.072990145507341675, 0.11281476249099487, 0.0014099815330575816, -0.2148794463273849, -0.080240777320166046, 0.10217955021135344, -0.33990477047732759, 0.043656032908953805, 0.20094718090208954, 0.42448705432542977, 0.069624359223928858, 0.048547640682627784, 0.053549069083395753, 0.14585792846218831, 0.062805031263868008, -0.081927914698188845, 0.0095634116013060943, -0.031453312642140345, 0.075172009794363073, -0.11279749406389807, -0.0089969210175444916, -0.0024820580190947523, 0.21371686409421414, -0.21193733845597912, 0.23425303875965356, 0.09440761070747708]
treatment_source
0.0237164552862
----------------------------------------

[-0.021696803541645431, -0.015388580139556631, 0.00711634371205135, -0.016164716908996686, -0.0053965718527830536, 0.04658036746229488, -0.10292979119633931, -0.02847993327782268, -0.00011706986320297824, -0.14033248941633758, 0.019903416057375424, -0.074327392992201813, 0.39442302226597731, -0.039920088082913509]
symptoms_pertaining_illness
0.00166212230185
----------------------------------------

[-0.048664157871630427, -0.041594442622559048, -0.034963068991480599]
sought_medical_care
-0.0417405564952
----------------------------------------

[-0.046326590040938614, -0.12169688698916975, -0.090344231734884956, 0.053251075713533727, 0.021211369267114161, -0.022894655227163, -0.13109000694184322, 0.10447059906340647, -0.041163406145871245, -0.08248707568181507, -0.14337982544834699, 0.25095877845668679, -0.054467125617728096]
diagnosis_source
-0.023381383179
----------------------------------------

[-0.082161487550634557, 0.043525695923896601, 0.075215100903816889, 0.053549069083395753, 0.14585792846218831, 0.062805031263868008, -0.081927914698188845, 0.0095634116013060943, -0.031453312642140345, 0.075172009794363073, -0.11279749406389807, -0.0089969210175444916, -0.0024820580190947523, 0.21371686409421414, -0.21193733845597912, 0.23425303875965356, 0.09440761070747708]
regular_treatment
0.0280181902439
----------------------------------------

[0.053549069083395753, 0.14585792846218831, 0.062805031263868008, -0.081927914698188845, 0.0095634116013060943, -0.031453312642140345, 0.075172009794363073, -0.11279749406389807, -0.0089969210175444916, -0.0024820580190947523, 0.21371686409421414, -0.21193733845597912, 0.23425303875965356, 0.09440761070747708]
regular_treatment_source
0.0314092803478
----------------------------------------

[-0.024980996086236502, -0.030139796931645774, -0.115861718327588, 0.0064447021153234956, -0.097464745737878486, -0.029605744649194098, -0.0044521576523086047]
chew
-0.0422943510385
----------------------------------------

[0.0046433575066949289, -0.054518295504258435, -0.035119537328950498, -0.13554583127725292]
smoke
-0.0551350766509
----------------------------------------

[-0.041252439553384729, 0.011234647887266887, -0.069013186690713713, -0.11634371661034545]
alcohol
-0.0538436737418
----------------------------------------

[-0.092313848257703696, -0.086694356167794737, -0.063464727315263689, -0.21244595402939787]
house_status
-0.113729721443
----------------------------------------

[0.063960387399771917, -0.11470553669352779, -0.065668305387945422, -0.069627321698410613]
house_structure
-0.046510194095
----------------------------------------

[0.22634784675455683, -0.035136577900740713, 0.032899632571564912]
owner_status
0.0747036338085
----------------------------------------

[-0.021416371691703073, 0.087594514352253725, 0.022875936962830367, 0.027493090966825052, 0.0025096749269856288, -0.29505677112957945, 0.029781771256821698, -0.10576271605950587, -0.17373131915063877]
drinking_water_source
-0.0473013543962
----------------------------------------

[0.38064250084909435, 1.0980436856131666e-05]
is_water_filter
0.190326740643
----------------------------------------

[-0.023664297462698835, -0.010473867543765508, 0.072758837367288429, 0.015410798881547262, 0.009278576077179022, 0.00029960405505236455, -0.038531411277229373, -0.025507904555260485]
water_filteration
-5.37080572359e-05
----------------------------------------

[-0.023223652569998452, -0.084627429249163527, 0.040418480274736865, 0.069447699446448616, -0.01827586625278815, -0.014143903409738454, -0.016134261037419811, 0.28640037451351269, -0.28918058412369418]
toilet_used
-0.00547990471201
----------------------------------------

[-0.15007032807674137, -0.0027087190240585785]
is_toilet_shared
-0.0763895235504
----------------------------------------

[-0.02338677081091059, 0.012029500928083494]
household_have_electricity
-0.00567863494141
----------------------------------------

[-0.035682817946152461, -0.056232358153314926, -0.011473111795092956, -0.047920562156284388, 0.039676263081142422, 0.11983209352868036]
lighting_source
0.0013665844265
----------------------------------------

[-0.067535641532836796, 0.046941536955496445, -0.026907332009382758, -0.034008675948529604, 0.059156855946984027, 0.30561709340837018, 0.043509759473000668, -0.10708137177069353, 0.11800894957882464]
cooking_fuel
0.0375223526779
----------------------------------------

[-0.42968037237730372, -0.014689836788580494, -0.019147668516881922, 0.044374763094017042, -0.086951987586406196]
kitchen_availability
-0.101219020435
----------------------------------------

[0.052761412781182411, -0.0095249178171725631]
is_radio
0.021618247482
----------------------------------------

[-0.014128399200253982, -0.004863663371417741]
is_television
-0.00949603128584
----------------------------------------

[-0.018789653642114566, -0.062545122775491652, -0.021063640486860387]
is_computer
-0.0341328056348
----------------------------------------

[0.059955446249222825, 0.062915531746290124, -0.032702040068134701, -0.038761000098256497]
is_telephone
0.0128519844573
----------------------------------------

[-0.015105808597115191, 4.8049909355468571e-05]
is_washing_machine
-0.00752887934388
----------------------------------------

[-0.023701366923053465, -0.022836185421814238]
is_refrigerator
-0.0232687761724
----------------------------------------

[-0.00081713159757124977, -0.013437866152334403]
is_sewing_machine
-0.00712749887495
----------------------------------------

[-0.010215450866846523, -0.018152015316016217]
is_bicycle
-0.0141837330914
----------------------------------------

[-0.0055013017049711952, 0.008175075115561101]
is_scooter
0.00133688670529
----------------------------------------

[-0.031828392137791074, -0.0080290433346457135]
is_car
-0.0199287177362
----------------------------------------

[-0.015624273681233839, -0.05486281150417284]
is_tractor
-0.0352435425927
----------------------------------------

[0.031209494497067499, 0.0018082451816269171]
is_water_pump
0.0165088698393
----------------------------------------

[-0.025461562194929489, 0.11328716164871154, -0.098330440696458105, -0.08383967883519565]
cart
-0.0235861300195
----------------------------------------

[0.045229640865291479, 0.042323688820773066, -0.0025443257823014034, -0.025409597091296886, -0.074536102385097905, 0.008359835073930174]
land_possessed
-0.00109614341645
----------------------------------------

[0.028153184332199845, -0.029917208346348079, -0.10931797483194718, -0.059408810995730255]
residancial_status
-0.0426227024605
----------------------------------------

[0.31341287054460798, 0.072703070325065414, 0.042805017117043334]
iscoveredbyhealthscheme
0.142973652662
----------------------------------------

[0.31341287054460798, -0.00073921106958259796, 0.020922201241562358, 0.032511423413145453, 0.09256364600750952, 0.052856772573918173, -0.10592248359131856, -0.031900256080947598]
healthscheme_1
0.0467131203799
----------------------------------------

[0.072703070325065414, 0.011671766762307394, -0.50448067411709374, 0.23841726481953707, -0.23964795863854454, -0.25814660034625142, 0.31371168728419802, 0.40194271396345194]
healthscheme_2
0.00452140875658
----------------------------------------

[0.014634001395545148, -0.012223028579422448]
housestatus
0.00120548640806
----------------------------------------

[0.15719789778233068, -0.013608351354382745, 0.13859118870540252, -0.073248860189881693, -0.14751313699431093, -0.081779715344535334]
householdstatus
-0.00339349623256
----------------------------------------

[0.16533584659639719, 0.060298468650878158, -0.030019457346075775, 0.0049198333362081431, -0.032492127593084355]
as_binned
0.0336085127289
----------------------------------------

8
